0
142
323
414
510
534
612
653
664
1
638
649
717
979
2
695
707
831
932
3
4
84
234
330
333
346
378
438
446
449
460
517
651
681
730
822
870
874
902
961
965
3
4
84
234
330
333
346
378
446
449
460
477
517
579
639
651
681
730
822
870
961
965
5
36
49
60
107
118
126
128
160
388
390
470
641
694
732
889
936
6
11
68
108
260
532
574
575
587
666
700
795
926
931
7
99
100
146
166
567
747
769
882
908
8
53
98
157
476
669
817
825
917
984
9
268
271
643
658
10
246
373
487
530
815
6
11
68
108
260
532
574
575
587
666
700
795
926
931
12
535
718
751
877
968
13
205
433
605
637
786
14
45
245
369
389
421
480
528
571
591
741
790
864
972
15
95
105
355
391
437
457
682
699
773
832
833
913
16
27
229
307
320
398
399
481
489
490
561
580
581
648
684
785
845
911
956
17
40
78
131
210
301
392
394
623
636
711
722
757
767
829
858
886
937
18
279
363
370
452
554
678
745
791
837
897
904
928
998
19
22
86
89
110
124
170
188
339
383
576
647
654
907
20
168
189
191
192
257
544
726
826
838
871
873
916
21
214
293
428
600
713
803
19
22
86
89
124
170
188
339
442
474
647
654
678
23
47
93
251
401
546
572
663
674
683
754
774
787
866
876
24
114
230
513
594
696
739
820
842
25
74
117
275
400
491
539
752
796
801
892
969
26
116
267
277
278
289
300
364
468
512
710
843
954
983
989
16
27
229
307
320
398
399
489
490
561
581
648
743
765
775
776
785
845
911
956
28
306
313
431
521
585
598
714
733
805
846
896
939
29
120
211
261
290
302
328
381
634
689
725
738
756
813
30
102
303
306
403
494
598
744
805
896
31
66
88
101
282
348
578
723
849
860
906
973
32
225
326
475
531
566
610
33
135
200
272
291
361
473
564
624
656
667
780
806
893
927
995
34
173
187
198
209
218
459
557
603
659
661
721
764
903
35
37
96
127
184
410
479
550
852
854
5
36
49
60
107
118
126
128
160
388
390
470
641
694
732
763
889
936
35
37
96
125
410
479
550
854
867
38
71
216
217
353
502
593
671
750
762
763
853
856
900
943
39
250
340
408
495
505
596
609
687
727
778
869
920
17
40
78
119
131
159
204
210
222
301
394
419
623
636
676
711
722
767
848
937
987
41
132
223
244
254
265
345
356
436
447
506
511
515
518
526
527
562
618
709
800
885
901
992
42
371
462
553
578
644
884
919
973
43
156
236
247
338
395
883
963
44
90
99
283
362
450
758
975
984
14
45
106
245
358
369
389
421
480
528
571
591
662
741
790
881
924
972
46
175
196
336
402
548
608
614
923
23
47
93
251
401
546
572
663
674
683
754
774
787
866
876
48
149
492
583
798
922
933
957
967
5
36
49
107
118
125
126
160
388
390
641
694
732
823
867
878
889
925
936
946
50
57
141
193
324
397
507
516
607
675
677
777
789
818
880
51
340
408
414
495
505
609
612
766
920
960
52
80
143
287
344
375
477
579
639
742
993
8
53
98
157
283
758
817
825
917
984
54
145
486
508
577
770
781
872
55
155
280
371
385
632
735
771
919
56
147
238
255
413
426
427
471
523
731
783
811
912
50
57
62
193
324
341
516
677
693
697
703
777
818
880
58
138
206
251
310
572
592
652
743
765
865
59
296
514
524
5
36
60
107
118
128
353
388
390
470
694
732
763
889
900
936
61
67
72
152
153
314
334
415
425
499
602
606
625
708
768
784
788
799
859
879
890
970
971
57
62
158
341
425
516
606
677
686
693
697
703
768
784
788
63
154
171
186
242
253
298
311
357
366
500
650
662
670
705
753
64
181
190
259
270
359
374
760
862
918
964
65
315
327
417
429
668
792
861
31
66
101
282
348
849
860
906
929
61
67
72
152
153
314
334
415
425
499
602
606
625
708
768
784
799
859
879
890
950
970
971
6
11
68
108
260
532
574
575
587
613
700
795
926
931
69
140
151
162
176
262
288
309
377
630
673
958
991
994
70
194
343
536
717
38
71
216
217
353
502
593
671
750
762
763
853
856
900
943
61
67
72
91
152
153
163
243
314
334
415
499
573
595
602
617
625
794
859
875
890
950
970
971
976
981
73
284
335
367
420
424
458
488
504
549
597
628
629
716
719
966
982
25
74
117
220
288
319
368
400
491
582
752
761
969
980
75
79
177
180
237
372
533
552
556
655
736
749
836
851
76
213
407
748
941
77
111
439
680
782
814
828
17
40
78
119
131
159
210
222
301
392
394
623
636
676
711
722
767
829
848
886
937
75
79
135
177
180
200
237
372
533
552
556
655
736
806
851
52
80
143
287
344
375
402
548
608
742
993
81
376
467
899
82
195
216
219
297
308
411
481
501
502
580
593
671
672
684
750
834
943
944
978
83
386
416
432
504
529
538
540
551
719
810
891
909
3
4
84
234
330
333
346
378
438
446
449
460
517
651
681
730
822
870
902
961
965
85
198
209
218
459
557
570
812
903
945
19
22
86
89
124
170
188
339
442
474
576
647
654
87
144
246
439
487
680
31
88
101
348
553
578
723
884
906
973
19
22
86
89
124
170
188
339
442
474
647
654
678
904
44
90
99
283
362
450
758
825
917
975
984
72
91
148
152
153
163
243
254
515
573
584
595
601
617
794
875
885
950
976
981
92
467
899
23
47
93
251
401
546
572
663
674
683
754
774
787
866
876
94
147
427
469
471
560
779
807
821
15
95
105
273
322
355
391
437
457
699
833
913
923
35
37
96
127
129
184
286
410
455
479
550
852
854
947
97
351
381
441
472
816
847
938
8
53
98
157
476
669
758
817
825
917
984
7
44
90
99
100
283
362
450
567
882
975
7
99
100
146
166
362
567
882
908
975
31
66
88
101
282
348
578
723
849
860
906
30
102
303
306
403
443
494
744
755
805
896
948
977
103
525
626
627
706
728
104
115
139
240
444
685
809
841
933
957
15
95
105
266
347
355
380
391
457
682
699
772
773
832
898
45
106
154
186
242
298
357
358
366
369
389
528
571
650
662
670
705
881
924
972
5
36
49
60
107
118
126
128
160
388
390
470
641
694
732
889
936
6
11
68
108
532
574
587
666
700
795
931
109
177
180
237
350
461
463
533
556
565
645
746
749
836
851
953
19
110
188
201
292
383
563
576
840
907
942
77
111
294
439
782
814
828
895
112
269
337
555
712
951
996
113
290
302
393
430
484
665
725
738
24
114
230
342
422
594
696
104
115
240
685
841
933
957
26
116
197
277
289
300
318
364
448
843
844
954
983
989
25
74
117
220
400
491
582
752
761
801
892
969
5
36
49
60
107
118
128
353
388
390
470
694
732
763
889
900
936
40
78
119
131
159
204
210
222
301
419
521
636
676
711
722
846
848
937
987
29
120
211
261
328
351
381
634
689
725
738
756
813
816
121
130
212
221
312
403
404
443
496
755
857
948
977
122
133
202
396
464
589
621
646
691
724
804
930
940
123
213
384
519
611
622
19
22
86
89
124
170
188
339
383
442
474
576
647
654
37
49
125
126
160
641
823
854
867
878
925
946
5
36
49
107
125
126
160
388
390
641
694
732
823
867
878
925
936
946
35
96
127
129
184
286
299
410
455
479
550
852
854
855
914
947
5
36
60
107
118
128
217
353
388
390
470
694
732
762
763
889
900
936
96
127
129
184
286
299
379
410
455
852
855
887
914
947
121
130
212
221
312
404
496
596
687
727
778
857
17
40
78
119
131
159
210
222
301
394
419
623
636
676
711
722
767
848
937
987
41
132
174
223
244
265
345
356
416
436
447
506
511
518
526
527
562
618
709
800
901
992
122
133
269
337
464
646
724
940
996
134
701
33
79
135
200
272
361
552
564
780
806
927
995
136
207
228
231
256
264
311
409
466
559
568
753
863
934
955
137
245
266
347
380
421
682
772
790
832
864
898
58
138
206
251
310
572
592
652
743
765
865
104
139
240
331
444
809
69
140
162
173
176
208
262
309
630
659
661
673
958
991
50
141
193
232
249
397
405
507
607
620
675
698
777
789
868
0
142
414
510
534
612
653
664
52
80
143
287
344
375
402
548
608
742
993
87
144
246
439
487
680
814
54
145
247
486
508
577
770
872
963
974
7
100
146
166
567
734
747
769
882
908
56
94
147
255
413
426
427
471
523
731
779
783
811
912
91
148
163
223
254
345
356
436
506
511
515
527
562
573
584
595
601
618
794
875
885
981
48
149
492
583
798
922
967
150
296
616
69
151
162
262
288
309
319
368
377
630
673
958
980
991
994
61
67
72
91
152
153
163
243
314
334
415
499
573
595
602
617
625
794
799
859
875
890
950
970
971
976
981
61
67
72
91
152
153
163
243
314
334
415
499
573
595
602
617
625
794
799
859
875
890
950
970
971
976
981
63
106
154
171
186
242
253
298
357
358
366
500
650
662
670
705
55
155
280
371
385
544
632
635
735
771
43
156
236
247
338
395
883
963
974
8
53
98
157
758
817
825
917
984
62
158
341
425
606
686
693
697
703
768
784
788
879
40
78
119
131
159
204
210
222
419
521
636
676
711
722
846
848
937
987
5
36
49
107
125
126
160
388
390
641
694
732
823
867
878
889
925
936
946
161
194
252
536
69
140
151
162
176
208
262
309
377
630
673
958
991
994
72
91
148
152
153
163
243
254
515
573
584
595
601
617
794
875
885
950
976
981
164
239
276
329
435
493
590
640
688
720
165
267
275
278
539
710
796
801
892
935
7
100
146
166
567
734
747
769
882
908
167
224
316
326
475
566
850
894
20
168
189
191
192
257
544
635
726
826
838
871
873
916
169
317
352
392
483
522
757
829
835
858
949
19
22
86
89
124
170
188
339
442
474
647
654
678
63
154
171
186
207
253
311
357
366
500
568
650
670
705
753
863
955
172
263
456
34
140
173
176
187
208
659
661
132
174
244
265
416
432
447
518
526
538
709
800
810
901
992
46
175
196
336
402
548
608
614
923
69
140
162
173
176
208
262
309
630
659
661
673
958
991
75
79
109
177
180
237
372
533
552
556
655
736
749
836
851
178
737
793
905
962
179
189
453
476
541
669
838
871
986
997
75
79
109
177
180
237
372
533
552
556
655
736
749
836
851
64
181
190
259
374
760
964
182
185
238
325
435
482
493
537
688
183
35
96
127
129
184
286
299
410
455
550
852
855
914
947
182
185
238
325
426
482
537
688
731
811
912
63
106
154
171
186
242
253
298
357
358
366
500
650
662
670
705
881
924
34
173
187
208
603
659
661
721
764
19
22
86
89
110
124
170
188
339
383
576
647
654
907
20
168
179
189
191
192
257
453
541
726
826
838
871
873
916
986
64
181
190
259
359
374
760
918
964
20
168
189
191
192
257
544
726
826
838
871
873
916
20
168
189
191
192
257
544
635
726
771
826
838
871
873
916
50
57
141
193
249
324
397
507
516
607
675
677
698
777
789
818
868
880
70
161
194
252
343
536
82
195
219
297
308
320
411
481
501
502
561
580
593
672
684
750
834
944
978
46
175
196
322
336
402
548
608
614
923
116
197
227
277
300
318
364
448
844
954
983
989
34
85
198
209
218
459
557
603
721
764
812
903
945
199
215
260
393
430
484
485
545
575
613
665
704
824
926
33
79
135
200
272
361
552
564
655
780
806
927
995
110
201
226
292
383
454
543
563
802
840
907
915
942
988
122
202
396
464
589
621
646
691
724
804
930
940
203
373
530
737
793
905
962
40
119
159
204
222
419
521
585
676
714
722
733
846
848
939
987
13
205
433
605
637
786
58
138
206
251
310
572
592
652
743
765
865
136
171
207
231
256
264
311
466
559
568
753
863
934
955
140
162
173
176
187
208
659
661
34
85
198
209
218
459
557
603
721
764
812
903
945
17
40
78
119
131
159
210
222
301
394
623
636
676
711
722
767
848
886
937
29
120
211
261
290
302
328
381
634
689
725
738
756
813
121
130
212
221
312
403
404
443
496
755
857
948
977
76
123
213
748
21
214
293
428
600
713
803
199
215
260
430
484
485
545
575
613
704
824
926
38
71
82
216
217
297
411
501
502
593
671
750
762
853
856
943
944
38
71
128
216
217
353
671
750
762
763
853
856
900
943
34
85
198
209
218
459
557
603
721
764
812
903
945
82
195
219
297
308
320
411
481
501
561
580
672
684
834
944
978
74
117
220
288
319
368
400
491
582
752
761
969
980
121
130
212
221
312
403
404
443
496
755
857
948
977
40
78
119
131
159
204
210
222
419
521
636
676
711
722
846
848
937
987
41
132
148
223
254
265
345
356
436
447
506
511
515
518
527
562
584
601
618
709
885
981
992
167
224
316
384
509
519
611
657
850
894
32
225
258
418
531
610
985
201
226
292
441
454
472
543
563
802
915
938
942
988
197
227
228
231
318
409
448
619
844
136
227
228
231
256
264
409
466
559
619
934
16
27
229
307
310
398
399
489
490
581
648
652
743
765
775
776
785
845
911
956
24
114
230
342
422
594
696
136
207
227
228
231
256
264
409
466
559
619
934
141
232
233
249
295
397
405
507
586
607
620
631
642
675
698
789
868
959
232
233
249
295
323
405
507
510
534
586
620
631
642
653
698
789
868
959
3
4
84
234
330
333
346
378
438
446
449
460
477
517
579
639
651
681
730
822
870
961
965
235
451
498
542
600
702
713
839
43
156
236
247
338
395
883
963
974
75
79
109
177
180
237
350
372
461
533
556
655
736
746
749
836
851
953
56
182
185
238
255
325
413
426
482
523
537
731
783
811
912
164
239
276
329
335
424
590
628
640
692
720
982
104
115
139
240
444
685
809
841
933
241
332
423
660
830
63
106
154
186
242
253
298
357
358
366
500
528
650
662
670
705
881
924
72
91
152
153
163
243
314
334
415
573
595
602
617
625
794
859
875
890
950
970
976
981
41
132
174
244
265
356
416
447
506
511
518
526
538
562
709
800
901
992
14
45
137
245
389
421
480
571
591
741
790
864
972
10
87
144
246
487
815
43
145
156
236
247
338
395
577
770
883
963
974
248
268
281
291
382
465
473
624
643
656
658
715
827
893
141
193
232
233
249
295
397
405
507
586
607
620
631
642
675
698
789
868
959
39
250
340
408
495
505
596
609
687
727
778
869
920
23
47
58
93
138
206
251
401
546
572
663
674
683
754
774
787
865
866
876
161
194
252
536
63
154
171
186
242
253
298
311
357
366
500
568
650
670
705
753
41
91
148
163
223
254
265
345
356
436
506
511
515
518
527
562
584
595
601
618
709
794
875
885
981
992
56
147
238
255
413
426
427
471
523
731
783
811
912
136
207
228
231
256
264
409
466
559
619
863
934
955
20
168
189
191
192
257
280
544
635
726
771
826
838
871
873
916
225
258
418
440
520
610
759
952
985
64
181
190
259
270
359
374
734
760
862
918
964
6
11
68
199
215
260
532
545
574
575
587
613
700
795
824
926
931
29
120
211
261
290
302
328
381
634
689
725
738
756
813
69
140
151
162
176
262
288
309
319
368
377
630
673
958
991
994
172
263
456
136
207
228
231
256
264
409
466
559
619
863
934
41
132
174
223
244
254
265
345
356
436
447
506
511
515
518
526
527
562
618
709
800
901
992
105
137
266
347
380
682
772
773
832
864
898
26
165
267
275
278
289
468
512
710
843
935
9
248
268
281
382
465
643
658
715
827
112
133
269
337
464
555
646
940
996
64
259
270
359
374
734
747
760
769
862
908
918
9
271
658
33
135
200
272
361
552
564
624
656
667
780
806
927
995
95
273
322
336
355
391
437
833
913
923
274
365
25
165
267
275
278
539
796
801
892
935
164
239
276
329
424
435
493
590
628
640
692
720
982
26
116
197
277
289
300
364
468
512
843
954
983
989
26
165
267
275
278
289
468
512
710
843
935
18
279
363
452
474
554
678
745
897
904
928
55
155
257
280
385
544
632
635
735
771
248
268
281
291
382
465
473
624
643
656
667
715
827
893
31
66
101
282
294
348
849
860
929
44
53
90
99
283
362
450
758
825
917
975
984
73
284
367
420
458
488
504
529
540
549
551
597
629
716
719
891
966
285
445
547
96
127
129
184
286
299
379
410
455
852
855
887
914
947
52
80
143
287
344
346
375
449
477
579
639
742
993
69
74
151
220
262
288
319
368
377
400
582
630
673
752
761
980
991
994
26
116
267
277
278
289
300
364
468
512
710
843
954
983
989
29
113
211
261
290
302
393
634
665
689
725
738
813
33
248
281
291
382
465
473
624
656
667
715
827
893
995
110
201
226
292
383
454
543
563
802
840
907
915
942
988
21
214
293
428
451
542
600
713
111
282
294
782
828
860
895
929
232
233
249
295
323
405
510
534
586
620
631
642
653
698
868
959
59
150
296
514
524
616
82
195
216
219
297
308
411
481
501
502
580
593
671
672
684
750
834
943
944
978
63
106
154
186
242
253
298
357
358
366
369
500
528
650
662
670
705
881
924
127
129
184
286
299
379
455
570
852
855
887
914
947
26
116
197
277
289
300
364
468
512
843
954
983
989
17
40
78
119
131
210
301
392
394
623
636
711
722
757
767
829
886
937
29
113
211
261
290
302
393
634
665
689
725
738
813
30
102
303
306
403
494
598
744
805
896
304
349
418
440
520
701
759
952
305
360
498
633
712
839
951
28
30
102
303
306
313
431
494
585
598
744
805
896
16
27
229
307
320
398
399
481
489
490
561
580
581
648
684
776
785
845
911
956
82
195
219
297
308
320
411
481
501
502
561
580
593
672
684
834
944
978
69
140
151
162
176
262
309
377
630
673
958
991
994
58
138
206
229
310
398
572
592
648
652
743
765
775
776
865
63
136
171
207
253
311
357
366
500
568
670
753
863
955
121
130
212
221
312
403
404
443
496
755
948
977
28
306
313
431
521
585
598
714
733
805
846
896
939
61
67
72
152
153
243
314
334
415
499
602
606
617
625
708
768
799
859
879
890
950
970
971
976
65
315
327
417
429
668
792
861
167
224
316
384
509
519
611
622
657
850
894
169
317
352
392
483
522
757
829
835
858
886
949
116
197
227
318
448
619
844
74
151
220
262
288
319
368
377
400
582
630
752
761
969
980
991
994
16
27
195
219
307
308
320
399
481
489
490
561
580
581
672
684
785
834
845
911
956
978
321
503
604
739
820
842
95
196
273
322
336
355
437
833
913
923
0
233
295
323
510
534
586
620
631
642
653
664
959
50
57
193
324
341
516
677
703
777
818
880
182
185
238
325
426
482
537
688
731
811
912
32
167
326
475
531
566
610
65
315
327
417
429
668
792
861
29
120
211
261
328
351
381
634
689
725
738
756
813
816
164
239
276
329
435
493
590
640
688
720
3
4
84
234
330
333
346
378
446
449
460
477
517
579
639
651
681
730
822
870
961
965
139
331
241
332
387
423
660
729
830
3
4
84
234
330
333
346
378
449
460
477
517
579
639
681
730
822
870
961
61
67
72
152
153
243
314
334
415
499
602
606
617
625
708
799
859
879
890
950
970
971
976
73
239
335
367
424
549
590
628
629
692
716
982
46
175
196
273
322
336
548
608
614
923
112
133
269
337
464
555
646
940
996
43
156
236
247
338
395
883
963
974
19
22
86
89
124
170
188
339
442
474
647
654
678
39
51
250
340
408
495
505
596
609
766
778
869
920
960
57
62
158
324
341
516
677
686
693
697
703
788
818
880
114
230
342
422
594
696
70
194
343
536
717
52
80
143
287
344
375
449
477
579
639
742
993
41
132
148
223
254
265
345
356
436
447
506
511
515
518
527
562
584
601
618
709
885
992
3
4
84
234
287
330
333
346
378
449
460
477
517
579
639
681
742
822
870
961
105
137
266
347
380
457
682
699
772
773
832
898
31
66
88
101
282
348
578
723
849
860
906
973
304
349
418
440
520
701
759
952
109
237
350
461
463
565
645
746
749
836
953
998
97
120
328
351
381
441
472
634
756
816
847
938
169
317
352
392
483
522
757
829
835
858
949
38
60
71
118
128
217
353
470
762
763
853
856
900
354
910
990
15
95
105
273
322
355
391
437
457
699
773
833
913
923
41
132
148
223
244
254
265
345
356
436
447
506
511
515
518
527
562
584
601
618
709
885
992
63
106
154
171
186
242
253
298
311
357
366
500
650
662
670
705
45
106
154
186
242
298
358
369
389
528
571
650
662
705
881
924
972
64
190
259
270
359
374
734
747
760
769
862
908
918
964
305
360
498
633
702
712
839
951
33
135
200
272
361
552
564
624
656
667
780
806
927
995
44
90
99
100
283
362
450
567
882
975
18
279
363
370
452
554
678
745
791
837
897
904
928
998
26
116
197
277
289
300
364
468
512
843
954
983
989
274
365
63
106
154
171
186
242
253
298
311
357
366
500
650
662
670
705
753
73
284
335
367
420
424
458
488
504
549
597
628
629
716
719
966
982
74
151
220
262
288
319
368
377
400
582
752
761
969
980
991
994
14
45
106
298
358
369
389
480
528
571
591
662
741
881
924
972
18
363
370
463
554
565
645
745
791
837
897
998
42
55
155
371
385
462
644
735
919
75
79
177
180
237
372
533
552
556
655
736
749
851
10
203
373
530
737
793
905
962
64
181
190
259
270
359
374
734
747
760
862
918
964
52
80
143
287
344
375
477
579
639
742
993
81
376
467
899
69
151
162
262
288
309
319
368
377
630
673
958
980
991
994
3
4
84
234
330
333
346
378
438
446
449
460
517
651
681
730
822
870
874
902
961
965
129
286
299
379
455
570
855
887
914
947
105
137
266
347
380
457
682
699
772
773
832
898
29
97
120
211
261
328
351
381
634
689
756
813
816
847
248
268
281
291
382
465
473
624
643
656
667
715
827
893
19
110
124
188
201
292
383
563
576
654
840
907
123
224
316
384
509
519
611
622
657
894
55
155
280
371
385
632
735
919
83
386
420
432
458
488
504
529
538
540
551
719
810
891
909
966
332
387
615
729
5
36
49
60
107
118
126
128
160
388
390
470
641
694
732
763
889
936
14
45
106
245
358
369
389
421
480
528
571
591
662
741
790
881
924
972
5
36
49
60
107
118
126
128
160
388
390
470
641
694
732
763
889
936
15
95
105
273
355
391
437
457
699
773
832
833
913
17
78
169
301
317
352
392
394
623
636
757
767
829
835
858
886
937
949
113
199
290
302
393
430
484
485
665
704
17
40
78
131
210
301
392
394
623
636
711
722
757
767
829
858
886
937
43
156
236
247
338
395
883
963
974
122
202
396
464
589
621
646
691
724
804
930
940
50
141
193
232
249
397
405
507
607
675
698
777
789
868
16
27
229
307
310
398
399
489
490
581
648
652
743
765
775
776
785
845
911
956
16
27
229
307
320
398
399
481
489
490
561
580
581
648
776
785
845
911
956
25
74
117
220
288
319
368
400
491
582
752
761
969
980
23
47
93
251
401
546
663
674
683
754
774
787
866
876
46
80
143
175
196
402
548
608
614
993
30
102
121
212
221
303
312
403
404
443
494
496
744
755
948
977
121
130
212
221
312
403
404
443
496
755
857
948
977
141
232
233
249
295
397
405
507
586
607
620
631
642
675
698
789
868
959
406
599
679
690
781
76
407
748
803
941
39
51
250
340
408
495
505
596
609
727
778
869
920
960
136
227
228
231
256
264
409
466
559
619
934
35
37
96
127
129
184
286
410
455
479
550
852
854
914
947
82
195
216
219
297
308
411
481
501
502
580
593
671
672
684
750
834
943
944
978
412
503
604
707
56
147
238
255
413
426
427
471
523
731
783
811
912
0
51
142
414
612
664
766
960
61
67
72
152
153
243
314
334
415
499
602
606
617
625
708
768
799
859
879
890
950
970
971
976
83
132
174
244
416
432
526
538
800
810
901
65
315
327
417
429
668
792
861
225
258
304
349
418
440
520
759
952
985
40
119
131
159
204
222
419
521
585
676
711
714
722
733
846
848
939
987
73
284
367
386
420
458
488
504
529
540
549
551
597
629
716
719
891
909
966
14
45
137
245
389
421
480
571
591
741
790
864
972
114
230
342
422
594
696
241
332
423
660
830
73
239
276
335
367
424
590
628
640
692
720
982
61
62
67
158
425
499
606
686
693
697
703
708
768
784
788
799
879
971
56
147
185
238
255
325
413
426
482
523
537
731
783
811
912
56
94
147
255
413
427
471
523
731
779
783
821
21
214
293
428
600
713
803
65
315
327
417
429
668
792
861
113
199
215
393
430
484
485
545
613
665
704
824
28
306
313
431
521
585
598
714
733
805
846
896
939
83
174
386
416
432
526
529
538
540
551
800
810
891
909
13
205
433
605
637
786
831
434
921
164
182
276
329
435
493
640
688
720
41
132
148
223
254
265
345
356
436
447
506
511
515
518
527
562
584
601
618
709
885
992
15
95
273
322
355
391
437
833
913
923
3
84
234
378
438
446
460
469
517
560
651
730
807
870
874
902
961
965
77
87
111
144
439
680
782
814
828
258
304
349
418
440
520
701
759
952
985
97
226
351
441
454
472
543
802
847
915
938
988
22
86
89
124
170
339
442
452
474
647
654
678
904
102
121
212
221
312
403
404
443
494
496
744
755
948
977
104
139
240
444
809
841
285
445
547
3
4
84
234
330
378
438
446
460
469
517
560
651
730
807
822
870
874
902
961
965
41
132
174
223
244
265
345
356
436
447
506
511
515
518
526
527
562
618
709
800
901
992
116
197
227
318
448
844
3
4
84
234
287
330
333
344
346
378
449
460
477
517
579
639
681
742
822
870
961
44
90
99
283
362
450
758
825
917
975
984
235
293
451
542
600
702
713
839
18
279
363
442
452
474
678
745
904
928
179
189
453
476
541
669
838
986
997
201
226
292
441
454
472
543
802
915
938
942
988
96
127
129
184
286
299
379
410
455
550
852
855
887
914
947
172
263
456
15
95
105
347
355
380
391
457
682
699
773
832
898
913
73
284
367
386
420
458
488
504
529
540
549
551
597
629
716
719
891
909
966
34
85
198
209
218
459
557
603
721
764
812
903
945
3
4
84
234
330
333
346
378
438
446
449
460
477
517
579
639
651
681
730
822
870
961
965
109
237
350
461
463
556
565
645
746
749
836
953
42
371
462
553
578
644
884
919
973
109
350
370
461
463
554
565
645
746
791
836
837
897
953
998
122
133
202
269
337
396
464
589
646
691
724
940
996
248
268
281
291
382
465
473
643
656
658
715
827
893
136
207
228
231
256
264
409
466
559
568
619
863
934
955
81
92
376
467
899
26
267
277
278
289
300
364
468
512
710
843
954
983
989
94
438
446
469
517
560
651
730
779
807
821
874
902
965
5
36
60
107
118
128
353
388
390
470
694
732
763
889
900
936
56
94
147
255
413
427
471
523
731
779
783
821
97
226
351
441
454
472
543
802
847
915
938
988
33
248
281
291
382
465
473
624
656
667
715
827
893
22
86
89
124
170
279
339
442
452
474
647
654
678
904
32
167
326
475
566
850
8
98
179
453
476
541
669
817
986
997
4
52
234
287
330
333
344
346
375
449
460
477
579
639
681
742
822
478
569
615
740
35
37
96
127
410
479
550
854
14
45
245
369
389
421
480
528
571
591
741
790
864
881
924
972
16
82
195
219
297
307
308
320
399
411
481
489
561
580
581
672
684
785
834
845
978
182
185
238
325
426
482
537
688
731
811
912
169
317
352
483
522
666
835
949
113
199
215
393
430
484
485
545
613
665
704
824
199
215
393
430
484
485
545
613
665
704
824
54
145
486
508
577
770
781
872
10
87
144
246
487
815
73
284
367
386
420
458
488
504
529
540
549
551
597
629
716
719
891
909
966
16
27
229
307
320
398
399
481
489
490
561
581
648
765
775
776
785
845
911
956
16
27
229
307
320
398
399
489
490
561
581
648
743
765
775
776
785
845
911
956
25
74
117
220
400
491
582
752
761
801
969
980
48
149
492
583
798
922
967
164
182
276
329
435
493
640
688
720
30
102
303
306
403
443
494
598
744
805
896
39
51
250
340
408
495
505
609
612
766
869
920
960
121
130
212
221
312
403
404
443
496
755
857
948
977
497
588
235
305
360
498
542
633
702
839
61
67
72
152
153
314
334
415
425
499
602
606
625
708
768
784
799
859
879
890
950
970
971
63
154
171
186
242
253
298
311
357
366
500
568
650
670
705
753
82
195
216
219
297
308
411
501
502
580
593
671
672
684
750
834
943
944
978
38
71
82
195
216
297
308
411
501
502
593
671
672
750
834
853
856
943
944
978
321
412
503
604
820
842
73
83
284
367
386
420
458
488
504
529
540
549
551
597
629
716
719
891
909
966
39
51
250
340
408
495
505
609
766
869
920
960
41
132
148
223
244
254
265
345
356
436
447
506
511
515
518
527
562
601
618
709
800
885
901
992
50
141
193
232
233
249
397
405
507
607
620
642
675
698
777
789
868
54
145
486
508
577
770
781
872
974
224
316
384
509
519
611
622
657
850
894
0
142
233
295
323
510
534
586
631
642
653
664
959
41
132
148
223
244
254
265
345
356
436
447
506
511
515
518
527
562
584
601
618
709
885
992
26
267
277
278
289
300
364
468
512
710
843
954
983
989
24
513
739
820
842
59
296
514
524
616
41
91
148
163
223
254
265
345
356
436
447
506
511
515
518
527
562
584
595
601
618
709
794
875
885
981
992
50
57
62
193
324
341
516
677
697
703
777
818
880
3
4
84
234
330
333
346
378
438
446
449
460
469
517
651
681
730
822
870
874
902
961
965
41
132
174
223
244
254
265
345
356
436
447
506
511
515
518
526
527
562
618
709
800
885
901
992
123
224
316
384
509
519
611
622
657
894
258
304
349
418
440
520
759
952
985
28
119
159
204
222
313
419
431
521
585
676
714
733
846
848
939
987
169
317
352
483
522
835
949
56
147
238
255
413
426
427
471
523
731
783
811
912
59
296
514
524
103
525
626
627
706
728
41
132
174
244
265
416
432
447
518
526
538
709
800
810
901
992
41
132
148
223
254
265
345
356
436
447
506
511
515
518
527
562
584
601
618
709
885
992
14
45
106
242
298
358
369
389
480
528
571
591
662
741
881
924
972
83
284
386
420
432
458
488
504
529
540
551
597
629
719
810
891
909
966
10
203
373
530
793
815
32
225
326
531
610
6
11
68
108
260
532
574
575
587
613
700
795
926
931
75
79
109
177
180
237
372
533
552
556
655
736
749
836
851
0
142
233
295
323
510
534
586
631
642
653
664
959
12
535
718
751
877
968
70
161
194
252
343
536
182
185
238
325
426
482
537
688
811
912
83
174
244
386
416
432
526
538
551
800
810
891
901
909
25
165
275
539
796
801
892
935
83
284
386
420
432
458
488
504
529
540
551
597
629
719
810
891
909
966
179
189
453
476
541
669
838
871
916
986
997
235
293
451
498
542
600
702
713
839
201
226
292
441
454
472
543
563
802
840
915
942
988
20
155
168
191
192
257
280
544
632
635
726
771
826
871
873
916
199
215
260
430
484
485
545
575
613
704
824
926
23
47
93
251
401
546
663
674
683
754
774
787
866
876
285
445
547
46
80
143
175
196
336
402
548
608
614
993
73
284
335
367
420
458
488
504
549
597
629
716
719
966
982
35
37
96
127
184
410
455
479
550
852
854
947
83
284
386
420
432
458
488
504
529
538
540
551
597
719
810
891
909
966
75
79
135
177
180
200
272
361
372
533
552
564
655
736
780
806
851
927
42
88
462
553
578
644
723
884
906
973
18
279
363
370
463
554
645
745
791
837
897
928
998
112
269
337
555
712
951
996
75
79
109
177
180
237
372
461
533
556
655
736
749
836
851
34
85
198
209
218
459
557
603
721
764
812
903
945
558
808
136
207
228
231
256
264
409
466
559
568
619
863
934
955
94
438
446
469
560
651
730
779
807
821
874
902
965
16
27
195
219
307
308
320
399
481
489
490
561
580
581
672
684
785
834
845
911
956
978
41
132
148
223
244
254
265
345
356
436
447
506
511
515
518
527
562
584
601
618
709
885
992
110
201
226
292
383
543
563
802
840
907
915
942
988
33
135
200
272
361
552
564
624
656
667
780
806
927
995
109
350
370
461
463
565
645
746
749
791
836
837
953
998
32
167
326
475
566
850
7
99
100
146
166
362
567
769
882
908
136
171
207
253
311
466
500
559
568
753
863
934
955
478
569
615
740
85
299
379
570
812
855
887
914
14
45
106
245
358
369
389
421
480
528
571
591
741
790
864
881
924
972
23
47
58
93
138
206
251
310
572
592
652
754
774
865
72
91
148
152
153
163
243
573
584
595
601
617
794
875
885
890
950
976
981
6
11
68
108
260
532
574
575
587
613
700
795
926
931
6
11
68
199
215
260
532
545
574
575
587
613
700
704
795
824
926
931
19
86
110
124
188
383
576
647
654
907
54
145
247
486
508
577
770
872
963
974
31
42
88
101
348
462
553
578
644
723
884
906
973
4
52
234
287
330
333
344
346
375
449
460
477
579
639
681
742
822
16
82
195
219
297
307
308
320
399
411
481
501
561
580
672
684
834
944
978
16
27
229
307
320
398
399
481
489
490
561
581
648
775
776
785
845
911
956
74
117
220
288
319
368
400
491
582
752
761
969
980
48
149
492
583
798
922
967
91
148
163
223
254
345
356
436
511
515
527
562
573
584
595
601
618
794
875
885
981
28
204
306
313
419
431
521
585
598
714
733
805
846
896
939
232
233
249
295
323
405
510
534
586
620
631
642
653
698
868
959
6
11
68
108
260
532
574
575
587
666
700
795
926
931
497
588
122
202
396
464
589
621
691
724
804
930
940
164
239
276
329
335
424
590
628
640
692
720
982
14
45
245
369
389
421
480
528
571
591
741
790
864
881
924
972
58
138
206
310
572
592
652
743
765
865
38
71
82
195
216
297
308
411
501
502
593
671
672
750
834
853
856
943
944
978
24
114
230
342
422
594
696
72
91
148
152
153
163
243
254
515
573
584
595
601
617
794
875
885
890
950
976
981
39
130
250
340
408
596
687
727
778
857
869
920
73
284
367
420
458
488
504
529
540
549
551
597
629
716
719
966
28
30
303
306
313
431
494
585
598
714
733
744
805
896
939
406
599
679
690
781
21
214
235
293
428
451
542
600
713
91
148
163
223
254
345
356
436
506
511
515
527
562
573
584
595
601
618
794
875
885
981
61
67
72
152
153
243
314
334
415
499
602
606
617
625
708
768
799
859
879
890
950
970
971
976
34
187
198
209
218
459
557
603
721
764
903
945
321
412
503
604
707
13
205
433
605
637
786
61
62
67
158
314
334
415
425
499
602
606
625
686
693
697
708
768
784
788
799
859
879
970
971
50
141
193
232
249
397
405
507
607
620
675
698
777
789
868
46
80
143
175
196
336
402
548
608
614
993
39
51
250
340
408
495
505
609
612
766
869
920
960
32
225
258
326
531
610
985
123
224
316
384
509
519
611
622
657
894
0
51
142
414
495
609
612
766
960
68
199
215
260
430
484
485
532
545
574
575
613
700
704
795
824
926
931
46
175
196
336
402
548
608
614
923
387
478
569
615
729
740
150
296
514
616
72
91
152
153
163
243
314
334
415
573
595
602
617
625
794
859
875
890
950
970
976
981
41
132
148
223
254
265
345
356
436
447
506
511
515
518
527
562
584
601
618
709
885
992
227
228
231
256
264
318
409
466
559
619
844
934
141
232
233
249
295
323
405
507
586
607
620
631
642
653
675
698
789
868
959
122
202
396
589
621
691
724
804
930
123
316
384
509
519
611
622
657
894
17
40
78
131
210
301
392
394
623
636
711
722
757
767
829
858
886
937
33
248
272
281
291
361
382
473
564
624
656
667
715
780
827
893
927
995
61
67
72
152
153
243
314
334
415
499
602
606
617
625
708
799
859
879
890
950
970
971
976
103
525
626
627
706
728
103
525
626
627
706
728
73
239
276
335
367
424
590
628
640
692
720
982
73
284
335
367
420
458
488
504
529
540
549
597
629
716
719
966
69
140
151
162
176
262
288
309
319
377
630
673
958
991
994
232
233
249
295
323
405
510
534
586
620
631
642
653
664
959
55
155
280
385
544
632
635
735
771
305
360
498
633
712
839
951
29
120
211
261
290
302
328
351
381
634
689
725
738
756
813
816
155
168
192
257
280
544
632
635
771
873
17
40
78
119
131
159
210
222
301
392
394
623
636
676
711
722
767
829
848
886
937
13
205
433
605
637
786
831
1
638
649
717
888
979
4
52
234
287
330
333
344
346
375
449
460
477
579
639
681
742
822
164
239
276
329
424
435
493
590
628
640
692
720
982
5
36
49
107
125
126
160
388
390
641
694
732
823
867
878
889
925
936
946
232
233
249
295
323
405
507
510
534
586
620
631
642
653
698
789
868
959
9
248
268
281
382
465
643
658
715
827
42
371
462
553
578
644
884
919
973
109
350
370
461
463
554
565
645
746
791
836
837
897
953
998
122
133
202
269
337
396
464
646
724
940
996
19
22
86
89
124
170
188
339
442
474
576
647
654
16
27
229
307
310
398
399
489
490
581
648
652
743
765
775
776
785
845
911
956
1
638
649
888
979
63
106
154
171
186
242
253
298
357
358
366
500
650
662
670
705
3
4
84
234
330
378
438
446
460
469
517
560
651
730
807
822
870
874
902
961
965
58
138
206
229
310
398
572
592
648
652
743
765
775
776
865
0
142
233
295
323
510
534
586
620
631
642
653
664
959
19
22
86
89
124
170
188
339
383
442
474
576
647
654
75
79
177
180
200
237
372
533
552
556
655
736
749
851
33
248
272
281
291
361
382
465
473
564
624
656
667
715
780
827
893
927
995
224
316
384
509
519
611
622
657
850
894
9
248
268
271
465
643
658
34
140
173
176
187
208
659
661
721
764
241
332
423
660
830
34
140
173
176
187
208
659
661
721
764
45
63
106
154
186
242
298
357
358
366
369
389
528
650
662
670
705
881
924
972
23
47
93
251
401
546
663
674
683
754
774
787
866
876
0
142
323
414
510
534
631
653
664
113
199
290
302
393
430
484
485
665
704
6
11
108
483
587
666
33
272
281
291
361
382
473
564
624
656
667
715
780
827
893
927
995
65
315
327
417
429
668
792
861
8
98
179
453
476
541
669
817
986
997
63
106
154
171
186
242
253
298
311
357
366
500
650
662
670
705
753
38
71
82
216
217
297
411
501
502
593
671
750
762
853
856
943
944
82
195
219
297
308
320
411
481
501
502
561
580
593
672
684
750
834
944
978
69
140
151
162
176
262
288
309
377
630
673
958
991
994
23
47
93
251
401
546
663
674
683
754
774
787
866
876
50
141
193
232
249
397
405
507
607
620
675
698
777
789
868
40
78
119
131
159
204
210
222
419
521
636
676
711
722
846
848
937
987
50
57
62
193
324
341
516
677
697
703
777
818
880
18
22
89
170
279
339
363
442
452
474
678
745
904
928
406
599
679
690
77
87
144
439
680
782
814
828
3
4
84
234
330
333
346
378
449
460
477
517
579
639
681
730
822
870
961
15
105
137
266
347
380
457
682
699
772
773
832
898
23
47
93
251
401
546
663
674
683
754
774
787
866
876
16
82
195
219
297
307
308
320
411
481
501
561
580
672
684
834
944
978
104
115
240
685
798
841
922
933
957
967
62
158
341
425
606
686
693
697
703
768
784
788
39
130
250
596
687
727
778
857
869
164
182
185
325
329
435
482
493
537
688
29
120
211
261
290
302
328
381
634
689
725
738
756
813
816
406
599
679
690
781
122
202
396
464
589
621
691
724
804
930
940
239
276
335
424
590
628
640
692
720
982
57
62
158
341
425
606
686
693
697
703
768
784
788
5
36
49
60
107
118
126
128
160
388
390
470
641
694
732
878
889
936
2
695
707
831
932
24
114
230
342
422
594
696
57
62
158
341
425
516
606
677
686
693
697
703
768
784
788
880
141
193
232
233
249
295
397
405
507
586
607
620
642
675
698
789
868
959
15
95
105
347
355
380
391
457
682
699
773
832
898
6
11
68
108
260
532
574
575
587
613
700
795
926
931
134
304
349
440
701
235
360
451
498
542
702
713
839
57
62
158
324
341
425
516
677
686
693
697
703
768
784
788
818
880
199
215
393
430
484
485
545
575
613
665
704
824
926
63
106
154
171
186
242
253
298
357
358
366
500
650
662
670
705
103
525
626
627
706
728
2
412
604
695
707
932
61
67
314
334
415
425
499
602
606
625
708
768
784
788
799
859
879
890
970
971
41
132
174
223
244
254
265
345
356
436
447
506
511
515
518
526
527
562
618
709
800
885
901
992
26
165
267
278
289
468
512
710
843
935
954
983
989
17
40
78
119
131
159
210
222
301
394
419
623
636
676
711
722
767
848
886
937
987
112
305
360
555
633
712
951
21
214
235
293
428
451
542
600
702
713
28
204
313
419
431
521
585
598
714
733
846
896
939
987
248
268
281
291
382
465
473
624
643
656
667
715
827
893
73
284
335
367
420
458
488
504
549
597
629
716
719
966
1
70
343
638
717
979
12
535
718
751
877
968
73
83
284
367
386
420
458
488
504
529
540
549
551
597
629
716
719
891
909
966
164
239
276
329
424
435
493
590
628
640
692
720
34
187
198
209
218
459
557
603
659
661
721
764
903
945
17
40
78
119
131
159
204
210
222
301
394
419
623
636
676
711
722
767
848
937
987
31
88
101
348
553
578
723
884
906
973
122
133
202
396
464
589
621
646
691
724
804
930
940
29
113
120
211
261
290
302
328
634
689
725
738
756
813
20
168
189
191
192
257
544
726
826
838
871
873
916
39
130
250
408
596
687
727
778
857
869
920
103
525
626
627
706
728
332
387
615
729
3
4
84
234
330
333
378
438
446
460
469
517
560
651
681
730
807
822
870
874
902
961
965
56
147
185
238
255
325
413
426
427
471
482
523
731
783
811
912
5
36
49
60
107
118
126
128
160
388
390
470
641
694
732
889
936
28
204
313
419
431
521
585
598
714
733
846
896
939
987
146
166
259
270
359
374
734
747
769
862
908
918
55
155
280
371
385
632
735
771
919
75
79
177
180
237
372
533
552
556
655
736
749
836
851
178
203
373
737
793
905
962
29
113
120
211
261
290
302
328
634
689
725
738
756
813
24
321
513
739
820
842
478
569
615
740
14
45
245
369
389
421
480
528
571
591
741
790
864
881
924
972
52
80
143
287
344
346
375
449
477
579
639
742
993
27
58
138
206
229
310
398
490
592
648
652
743
765
775
776
865
911
956
30
102
303
306
403
443
494
598
744
755
805
896
948
977
18
279
363
370
452
554
678
745
791
837
897
904
928
109
237
350
461
463
565
645
746
749
836
953
998
7
146
166
270
359
374
734
747
769
862
882
908
918
76
213
407
748
941
75
109
177
180
237
350
372
461
533
556
565
655
736
746
749
836
851
953
38
71
82
195
216
217
297
411
501
502
593
671
672
750
762
853
856
943
944
978
12
535
718
751
877
968
25
74
117
220
288
319
368
400
491
582
752
761
969
980
63
136
171
207
253
311
366
500
568
670
753
863
955
23
47
93
251
401
546
572
663
674
683
754
774
787
866
876
102
121
212
221
312
403
404
443
496
744
755
948
977
29
120
211
261
328
351
381
634
689
725
738
756
813
816
17
169
301
317
352
392
394
623
757
767
829
835
858
886
949
44
53
90
98
157
283
450
758
817
825
917
975
984
258
304
349
418
440
520
759
952
985
64
181
190
259
270
359
374
760
862
918
964
74
117
220
288
319
368
400
491
582
752
761
969
980
38
71
128
216
217
353
671
750
762
763
853
856
900
943
36
38
60
71
118
128
217
353
388
390
470
762
763
853
856
889
900
34
187
198
209
218
459
557
603
659
661
721
764
903
945
27
58
138
206
229
310
398
489
490
592
648
652
743
765
775
776
785
845
865
911
956
51
340
414
495
505
609
612
766
960
17
40
78
131
210
301
392
394
623
636
711
722
757
767
829
858
886
937
61
62
67
158
314
415
425
499
602
606
686
693
697
703
708
768
784
788
799
879
971
7
146
166
270
359
567
734
747
769
862
882
908
918
54
145
247
486
508
577
770
872
963
974
55
155
192
257
280
544
632
635
735
771
873
105
137
266
347
380
682
772
773
832
898
15
105
266
347
355
380
391
457
682
699
772
773
832
898
23
47
93
251
401
546
572
663
674
683
754
774
787
866
876
27
229
310
398
489
490
581
648
652
743
765
775
776
785
845
911
956
27
229
307
310
398
399
489
490
581
648
652
743
765
775
776
785
845
911
956
50
57
141
193
324
397
507
516
607
675
677
777
789
818
880
39
130
250
340
408
596
687
727
778
857
869
920
94
147
427
469
471
560
779
807
821
33
135
200
272
361
552
564
624
656
667
780
806
927
995
54
406
486
508
599
690
781
872
77
111
294
439
680
782
814
828
895
56
147
238
255
413
426
427
471
523
731
783
811
912
61
62
67
158
425
499
606
686
693
697
703
708
768
784
788
799
879
971
16
27
229
307
320
398
399
481
489
490
561
581
648
765
775
776
785
845
911
956
13
205
433
605
637
786
831
23
47
93
251
401
546
663
674
683
754
774
787
866
876
61
62
158
341
425
606
686
693
697
703
708
768
784
788
799
879
971
50
141
193
232
233
249
397
405
507
607
620
642
675
698
777
789
868
14
45
137
245
389
421
480
571
591
741
790
864
972
18
363
370
463
554
565
645
745
791
837
897
998
65
315
327
417
429
668
792
861
178
203
373
530
737
793
905
962
72
91
148
152
153
163
243
254
515
573
584
595
601
617
794
875
885
890
950
976
981
6
11
68
108
260
532
574
575
587
613
700
795
926
931
25
165
275
539
796
801
892
935
797
48
149
492
583
685
798
922
933
957
967
61
67
152
153
314
334
415
425
499
602
606
625
708
768
784
788
799
859
879
890
970
971
41
132
174
244
265
416
432
447
506
518
526
538
709
800
810
901
992
25
117
165
275
491
539
796
801
892
935
201
226
292
441
454
472
543
563
802
840
915
942
988
21
214
407
428
803
941
122
202
396
589
621
691
724
804
930
28
30
102
303
306
313
431
494
585
598
744
805
896
939
33
79
135
200
272
361
552
564
780
806
927
995
94
438
446
469
560
651
730
779
807
821
874
902
965
558
808
104
139
240
444
809
841
83
174
386
416
432
526
529
538
540
551
800
810
891
901
909
56
147
185
238
255
325
413
426
482
523
537
731
783
811
912
85
198
209
218
459
557
570
812
903
945
29
120
211
261
290
302
328
381
634
689
725
738
756
813
77
111
144
439
680
782
814
828
10
246
487
530
815
97
120
328
351
381
634
689
756
816
847
938
8
53
98
157
476
669
758
817
825
917
984
50
57
193
324
341
516
677
703
777
818
880
819
24
321
503
513
739
820
842
94
427
469
471
560
779
807
821
874
902
3
4
84
234
330
333
346
378
446
449
460
477
517
579
639
651
681
730
822
870
961
965
49
125
126
160
641
823
867
878
925
946
199
215
260
430
484
485
545
575
613
704
824
926
8
53
90
98
157
283
450
758
817
825
917
984
20
168
189
191
192
257
544
726
826
838
871
873
916
248
268
281
291
382
465
473
624
643
656
667
715
827
893
77
111
294
439
680
782
814
828
895
17
78
169
301
317
352
392
394
623
636
757
767
829
835
858
886
937
949
241
332
423
660
830
2
433
637
695
786
831
932
15
105
137
266
347
380
391
457
682
699
772
773
832
898
15
95
273
322
355
391
437
833
913
923
82
195
219
297
308
320
411
481
501
502
561
580
593
672
684
834
944
978
169
317
352
392
483
522
757
829
835
858
886
949
75
109
177
180
237
350
461
463
533
556
565
645
736
746
749
836
851
953
18
363
370
463
554
565
645
745
791
837
897
998
20
168
179
189
191
192
257
453
541
726
826
838
871
873
916
986
997
235
305
360
451
498
542
633
702
839
110
201
292
383
543
563
802
840
907
915
942
104
115
240
444
685
809
841
933
957
24
321
503
513
739
820
842
26
116
267
277
278
289
300
364
468
512
710
843
954
983
989
116
197
227
318
448
619
844
16
27
229
307
320
398
399
481
489
490
561
581
648
765
775
776
785
845
911
956
28
119
159
204
222
313
419
431
521
585
676
714
733
846
848
939
987
97
351
381
441
472
816
847
938
40
78
119
131
159
204
210
222
419
521
636
676
711
722
846
848
937
987
31
66
101
282
348
849
860
929
167
224
316
475
509
566
657
850
894
75
79
109
177
180
237
372
533
552
556
655
736
749
836
851
35
96
127
129
184
286
299
410
455
550
852
855
914
947
38
71
216
217
353
502
593
671
750
762
763
853
856
900
943
944
35
37
96
125
127
410
479
550
854
867
127
129
184
286
299
379
455
570
852
855
887
914
947
38
71
216
217
353
502
593
671
750
762
763
853
856
900
943
121
130
212
221
404
496
596
687
727
778
857
17
169
317
352
392
394
623
757
767
829
835
858
886
949
61
67
72
152
153
243
314
334
415
499
602
606
617
625
708
799
859
879
890
950
970
971
976
31
66
101
282
294
348
849
860
895
929
65
315
327
417
429
668
792
861
64
259
270
359
374
734
747
760
769
862
908
918
136
171
207
256
264
311
466
559
568
753
863
934
955
14
137
245
266
421
480
571
591
741
790
864
58
138
206
251
310
572
592
652
743
765
865
23
47
93
251
401
546
663
674
683
754
774
787
866
876
37
49
125
126
160
641
823
854
867
878
925
946
141
193
232
233
249
295
397
405
507
586
607
620
642
675
698
789
868
959
39
250
340
408
495
505
596
609
687
727
778
869
920
3
4
84
234
330
333
346
378
438
446
449
460
517
651
681
730
822
870
902
961
965
20
168
179
189
191
192
257
541
544
726
826
838
871
873
916
54
145
486
508
577
770
781
872
20
168
189
191
192
257
544
635
726
771
826
838
871
873
916
3
378
438
446
469
517
560
651
730
807
821
874
902
965
72
91
148
152
153
163
243
254
515
573
584
595
601
617
794
875
885
950
976
981
23
47
93
251
401
546
663
674
683
754
774
787
866
876
12
535
718
751
877
49
125
126
160
641
694
823
867
878
925
946
61
67
158
314
334
415
425
499
602
606
625
708
768
784
788
799
859
879
890
970
971
50
57
193
324
341
516
677
697
703
777
818
880
45
106
186
242
298
358
369
389
480
528
571
591
662
741
881
924
972
7
99
100
146
166
362
567
747
769
882
908
43
156
236
247
338
395
883
963
974
42
88
462
553
578
644
723
884
906
973
41
91
148
163
223
254
345
356
436
506
511
515
518
527
562
573
584
595
601
618
709
794
875
885
981
17
78
210
301
317
392
394
623
636
711
757
767
829
835
858
886
937
949
129
286
299
379
455
570
855
887
914
947
638
649
888
921
5
36
49
60
107
118
128
160
388
390
470
641
694
732
763
889
936
61
67
72
152
153
243
314
334
415
499
573
595
602
617
625
708
794
799
859
879
890
950
970
971
976
83
284
386
420
432
458
488
504
529
538
540
551
719
810
891
909
966
25
117
165
275
539
796
801
892
935
33
248
281
291
382
465
473
624
656
667
715
827
893
995
167
224
316
384
509
519
611
622
657
850
894
111
294
782
828
860
895
929
28
30
102
303
306
313
431
494
585
598
714
733
744
805
896
939
18
279
363
370
463
554
645
745
791
837
897
928
998
105
137
266
347
380
457
682
699
772
773
832
898
81
92
376
467
899
38
60
71
118
128
217
353
470
762
763
853
856
900
41
132
174
244
265
416
447
506
518
526
538
709
800
810
901
992
3
84
378
438
446
469
517
560
651
730
807
821
870
874
902
965
34
85
198
209
218
459
557
603
721
764
812
903
945
18
89
279
363
442
452
474
678
745
904
928
178
203
373
737
793
905
962
31
66
88
101
348
553
578
723
884
906
973
19
110
188
201
292
383
563
576
840
907
942
7
100
146
166
270
359
567
734
747
769
862
882
908
83
386
420
432
458
488
504
529
538
540
551
719
810
891
909
966
354
910
990
16
27
229
307
320
398
399
489
490
561
581
648
743
765
775
776
785
845
911
956
56
147
185
238
255
325
413
426
482
523
537
731
783
811
912
15
95
273
322
355
391
437
457
833
913
923
127
129
184
286
299
379
410
455
570
852
855
887
914
947
201
226
292
441
454
472
543
563
802
840
915
942
988
20
168
189
191
192
257
541
544
726
826
838
871
873
916
8
53
90
98
157
283
450
758
817
825
917
984
64
190
259
270
359
374
734
747
760
769
862
918
964
42
55
371
385
462
644
735
919
39
51
250
340
408
495
505
596
609
727
778
869
920
434
888
921
48
149
492
583
685
798
922
933
957
967
46
95
175
196
273
322
336
355
437
614
833
913
923
45
106
186
242
298
358
369
389
480
528
571
591
662
741
881
924
972
49
125
126
160
641
823
867
878
925
946
6
11
68
199
215
260
532
545
574
575
587
613
700
704
795
824
926
931
33
135
200
272
361
552
564
624
656
667
780
806
927
995
18
279
363
452
554
678
745
897
904
928
66
282
294
849
860
895
929
122
202
396
589
621
691
724
804
930
940
6
11
68
108
260
532
574
575
587
613
700
795
926
931
2
695
707
831
932
48
104
115
240
685
798
841
922
933
957
967
136
207
228
231
256
264
409
466
559
568
619
863
934
955
165
267
275
278
539
710
796
801
892
935
5
36
49
60
107
118
126
128
160
388
390
470
641
694
732
889
936
17
40
78
119
131
159
210
222
301
392
394
623
636
676
711
722
767
829
848
886
937
97
226
351
441
454
472
816
847
938
988
28
204
313
419
431
521
585
598
714
733
805
846
896
939
987
122
133
202
269
337
396
464
589
646
691
724
930
940
996
76
407
748
803
941
110
201
226
292
454
543
563
802
840
907
915
942
988
38
71
82
216
217
297
411
501
502
593
671
750
762
853
856
943
944
82
195
216
219
297
308
411
501
502
580
593
671
672
684
750
834
853
943
944
978
85
198
209
218
459
557
603
721
764
812
903
945
49
125
126
160
641
823
867
878
925
946
96
127
129
184
286
299
379
410
455
550
852
855
887
914
947
102
121
212
221
312
403
404
443
496
744
755
948
977
169
317
352
392
483
522
757
829
835
858
886
949
67
72
91
152
153
163
243
314
334
415
499
573
595
602
617
625
794
859
875
890
950
970
976
981
112
305
360
555
633
712
951
258
304
349
418
440
520
759
952
985
109
237
350
461
463
565
645
746
749
836
953
998
26
116
197
277
289
300
364
468
512
710
843
954
983
989
136
171
207
256
311
466
559
568
753
863
934
955
16
27
229
307
320
398
399
489
490
561
581
648
743
765
775
776
785
845
911
956
48
104
115
685
798
841
922
933
957
967
69
140
151
162
176
262
309
377
630
673
958
991
994
232
233
249
295
323
405
510
534
586
620
631
642
653
698
868
959
51
340
408
414
495
505
609
612
766
960
3
4
84
234
330
333
346
378
438
446
449
460
517
651
681
730
822
870
961
965
178
203
373
737
793
905
962
43
145
156
236
247
338
395
577
770
883
963
974
64
181
190
259
359
374
760
918
964
3
4
84
234
330
378
438
446
460
469
517
560
651
730
807
822
870
874
902
961
965
73
284
367
386
420
458
488
504
529
540
549
551
597
629
716
719
891
909
966
48
149
492
583
685
798
922
933
957
967
12
535
718
751
968
25
74
117
220
319
368
400
491
582
752
761
969
980
61
67
72
152
153
243
314
334
415
499
602
606
617
625
708
799
859
879
890
950
970
971
976
61
67
72
152
153
314
334
415
425
499
602
606
625
708
768
784
788
799
859
879
890
970
971
14
45
106
245
358
369
389
421
480
528
571
591
662
741
790
881
924
972
31
42
88
348
462
553
578
644
723
884
906
973
145
156
236
247
338
395
508
577
770
883
963
974
44
90
99
100
283
362
450
758
975
72
91
152
153
163
243
314
334
415
573
595
602
617
625
794
859
875
890
950
970
976
981
102
121
212
221
312
403
404
443
496
744
755
948
977
82
195
219
297
308
320
411
481
501
502
561
580
593
672
684
750
834
944
978
1
638
649
717
979
74
151
220
288
319
368
377
400
491
582
752
761
969
980
994
72
91
148
152
153
163
223
243
254
515
573
584
595
601
617
794
875
885
950
976
981
73
239
276
335
367
424
549
590
628
640
692
982
26
116
197
277
289
300
364
468
512
710
843
954
983
989
8
44
53
90
98
157
283
450
758
817
825
917
984
225
258
418
440
520
610
759
952
985
179
189
453
476
541
669
838
986
997
40
119
131
159
204
222
419
521
676
711
714
722
733
846
848
939
987
201
226
292
441
454
472
543
563
802
915
938
942
988
26
116
197
277
289
300
364
468
512
710
843
954
983
989
354
910
990
69
140
151
162
176
262
288
309
319
368
377
630
673
958
991
994
41
132
174
223
244
254
265
345
356
436
447
506
511
515
518
526
527
562
618
709
800
901
992
52
80
143
287
344
375
402
548
608
742
993
69
151
162
262
288
309
319
368
377
630
673
958
980
991
994
33
135
200
272
291
361
564
624
656
667
780
806
893
927
995
112
133
269
337
464
555
646
940
996
179
453
476
541
669
838
986
997
18
350
363
370
463
554
565
645
746
791
837
897
953
998
