0.560051
0.500638
0.514004
0.546561
0.546238
0.526846
0.568684
0.583514
0.585651
0.58104
0.59357
0.568788
0.511438
0.512786
0.541161
0.542809
0.523885
0.566343
0.576104
0.574472
0.587182
0.600187
0.57507
0.521703
0.516177
0.534496
0.536258
0.523474
0.564694
0.571332
0.564013
0.590264
0.604498
0.579269
0.531334
0.528545
0.526744
0.52831
0.525763
0.561718
0.56584
0.55412
0.589257
0.608686
0.584477
0.540717
0.54429
0.521812
0.520196
0.527179
0.558089
0.561033
0.545332
0.585292
0.610024
0.588464
0.548567
0.557616
0.52253
0.51022
0.526539
0.556242
0.55706
0.539522
0.582141
0.607905
0.590645
0.556204
0.568885
0.532823
0.500002
0.525693
0.555628
0.551769
0.533901
0.578026
0.601337
0.59201
0.566207
0.578217
0.544939
0.4935
0.524807
0.552822
0.546512
0.530575
0.574797
0.592834
0.589925
0.575082
0.584572
0.555112
0.494344
0.521795
0.547781
0.543202
0.528791
0.572183
0.585538
0.584079
0.583812
0.59038
0.563827
0.504912
0.518999
0.5426
0.54018
0.526819
0.568422
0.577387
0.57386
0.591695
0.597451
0.5706
0.516681
0.519513
0.536786
0.534309
0.526592
0.565677
0.571549
0.563098
0.596299
0.602189
0.574631
0.52774
0.527333
0.528929
0.52639
0.529385
0.562591
0.565966
0.553956
0.596818
0.60686
0.57882
0.538621
0.541792
0.52249
0.518413
0.532465
0.558426
0.560187
0.545017
0.592772
0.609605
0.58341
0.548387
0.554744
0.520398
0.509349
0.533169
0.555673
0.555671
0.539835
0.588187
0.608847
0.58543
0.556924
0.565627
0.527303
0.498996
0.532623
0.555102
0.550365
0.535349
0.58339
0.60374
0.587294
0.5673
0.575028
0.539293
0.491566
0.531928
0.55349
0.544308
0.532459
0.57796
0.595022
0.58643
0.57794
0.581918
0.549595
0.490153
0.529065
0.549241
0.539895
0.531761
0.574477
0.586987
0.582088
0.587128
0.587346
0.558227
0.499416
0.524627
0.544096
0.536965
0.530996
0.569853
0.578694
0.573519
0.59614
0.594386
0.565325
0.512715
0.522482
0.538681
0.532012
0.531032
0.566063
0.571343
0.56298
0.601777
0.600193
0.569618
0.525286
0.525827
0.531043
0.524521
0.533855
0.562994
0.565638
0.554466
0.603193
0.605003
0.572988
0.5375
0.538026
0.523267
0.516665
0.538064
0.558863
0.559073
0.546311
0.599262
0.608889
0.577721
0.549054
0.550859
0.518968
0.508588
0.539934
0.555513
0.553726
0.541279
0.593102
0.609198
0.580202
0.558817
0.561692
0.52193
0.498924
0.539407
0.554651
0.548457
0.538149
0.587428
0.605402
0.582253
0.569269
0.571251
0.532974
0.491088
0.538144
0.55405
0.541989
0.53571
0.580454
0.596986
0.58273
0.581177
0.579027
0.543443
0.488411
0.535111
0.550686
0.536601
0.535694
0.575786
0.588017
0.579944
0.590734
0.584688
0.552042
0.495409
0.529374
0.545469
0.533395
0.536186
0.570913
0.579711
0.573526
0.599947
0.591351
0.559294
0.509782
0.524855
0.539987
0.529453
0.536591
0.566294
0.570923
0.564025
0.606124
0.598333
0.564191
0.523878
0.524591
0.532769
0.522817
0.539076
0.563188
0.56469
0.555997
0.607884
0.603125
0.567216
0.537343
0.533462
0.524053
0.515284
0.543554
0.559545
0.557702
0.549224
0.604346
0.607599
0.571563
0.550379
0.546258
0.517881
0.508196
0.546151
0.555898
0.551412
0.544044
0.597028
0.608814
0.575075
0.561563
0.557384
0.517205
0.49997
0.545418
0.554437
0.546067
0.542072
0.590221
0.606101
0.577213
0.572042
0.567275
0.526029
0.492253
0.543123
0.554299
0.539629
0.540275
0.582654
0.598541
0.579046
0.584151
0.576009
0.536646
0.488922
0.539607
0.551748
0.533543
0.540575
0.576536
0.588781
0.578054
0.594097
0.582399
0.545346
0.493401
0.53319
0.546539
0.529794
0.542085
0.571799
0.580088
0.574029
0.602604
0.588616
0.552706
0.507813
0.526737
0.540717
0.526773
0.542899
0.566734
0.570467
0.566385
0.608917
0.596154
0.558358
0.523394
0.523835
0.533879
0.521424
0.544693
0.563456
0.563128
0.558851
0.6108
0.601113
0.561598
0.538057
0.528827
0.52475
0.514661
0.54844
0.560452
0.556077
0.553383
0.60787
0.605569
0.565386
0.552192
0.541236
0.516901
0.508574
0.551171
0.556717
0.548958
0.548296
0.600174
0.607636
0.570023
0.564686
0.552963
0.513332
0.502152
0.550183
0.554416
0.543347
0.54691
0.59222
0.605826
0.572618
0.575159
0.563382
0.518729
0.49508
0.546825
0.554029
0.537285
0.546001
0.584671
0.599432
0.575703
0.586374
0.57291
0.529257
0.491348
0.542637
0.55216
0.530866
0.546322
0.577268
0.5893
0.576804
0.596537
0.580249
0.53824
0.493786
0.536131
0.547191
0.526542
0.548288
0.572634
0.579786
0.575172
0.603913
0.586116
0.545806
0.506826
0.52837
0.540963
0.524242
0.549369
0.567609
0.569995
0.569938
0.610028
0.593304
0.552183
0.523674
0.523538
0.534243
0.52058
0.550127
0.563988
0.561188
0.563127
0.612137
0.598808
0.556159
0.539416
0.524982
0.525184
0.515123
0.55234
0.561379
0.554183
0.55847
0.609924
0.602857
0.559665
0.55423
0.536101
0.515924
0.510039
0.554621
0.557672
0.546579
0.554083
0.602724
0.605635
0.565084
0.567539
0.548597
0.510124
0.505344
0.553514
0.554429
0.540545
0.552567
0.593949
0.604626
0.568922
0.577907
0.559642
0.511634
0.499432
0.549424
0.553216
0.534997
0.552564
0.58646
0.599404
0.573077
0.587621
0.569672
0.521394
0.495452
0.544546
0.551817
0.528713
0.552656
0.578484
0.589505
0.576395
0.597487
0.577854
0.530856
0.496521
0.538294
0.54732
0.524068
0.554296
0.573537
0.579037
0.577038
0.603988
0.583586
0.538807
0.506998
0.530015
0.540769
0.522284
0.555273
0.568913
0.569299
0.574396
0.609611
0.589853
0.545821
0.524451
0.523755
0.53385
0.52052
0.554812
0.564771
0.559249
0.568752
0.612197
0.596
0.550952
0.541011
0.522559
0.525146
0.516788
0.55514
0.562047
0.552039
0.564455
0.610793
0.599632
0.55478
0.556035
0.531206
0.514934
0.512724
0.556489
0.558434
0.544437
0.561138
0.604789
0.60276
0.560618
0.569434
0.544285
0.507338
0.509428
0.555476
0.554347
0.537949
0.558988
0.59581
0.602535
0.56638
0.579625
0.555895
0.505417
0.505056
0.551174
0.552011
0.532885
0.559408
0.588148
0.598334
0.571482
0.587841
0.566145
0.513289
0.501048
0.545768
0.550691
0.52731
0.559067
0.580422
0.589285
0.576828
0.596752
0.574868
0.523332
0.501137
0.539857
0.546783
0.522785
0.559603
0.574618
0.578115
0.579646
0.60307
0.580776
0.531876
0.508592
0.531859
0.540125
0.521353
0.559992
0.570365
0.568207
0.579471
0.608034
0.586083
0.539568
0.525316
0.524621
0.532809
0.521357
0.558437
0.565632
0.557673
0.575519
0.611299
0.592418
0.546147
0.542252
0.521611
0.524484
0.519562
0.556969
0.562298
0.549792
0.571374
0.610863
0.596008
0.551019
0.557028
0.526941
0.513959
0.51662
0.557071
0.558768
0.542628
0.568837
0.606431
0.599008
0.557196
0.569916
0.539831
0.504918
0.514372
0.556294
0.55409
0.53589
0.565987
0.598025
0.599582
0.564917
0.579941
0.551863
0.500463
0.511619
0.552319
0.550562
0.531265
0.565847
0.590019
0.59629
0.571101
0.587095
0.562184
0.505351
0.507901
0.546713
0.548793
0.526906
0.564924
0.582844
0.588519
0.57802
0.594657
0.571143
0.515808
0.507043
0.541097
0.545466
0.522947
0.56387
0.575918
0.577223
0.582953
0.601346
0.577509
0.525226
0.511634
0.533951
0.539001
0.521761
0.563266
0.571557
0.56686
0.584967
0.605795
0.582132
0.533843
0.525805
0.526191
0.531293
0.523083
0.560974
0.566389
0.556607
0.583054
0.60974
0.587927
0.541995
0.542512
0.521752
0.523208
0.523265
0.558076
0.562153
0.54777
0.579063
0.610501
0.591968
0.548501
0.556759
0.523661
0.513012
0.521629
0.556849
0.558538
0.541251
0.576483
0.607717
0.594517
0.555201
0.568908
0.535016
0.502936
0.520164
0.556269
0.553569
0.534761
0.573122
0.600572
0.595824
0.564276
0.578795
0.547327
0.496708
0.518748
0.553069
0.548924
0.530571
0.571333
0.592214
0.593469
0.571965
0.58551
0.557717
0.498227
0.5156
0.547707
0.546239
0.527621
0.569713
0.585187
0.587138
0.579927
0.591826
0.566712
0.508525
0.513609
0.542321
0.543342
0.524586
0.567047
0.577416
0.576462
0.58684
0.598898
0.573616
0.519168
0.515586
0.536169
0.537381
0.523624
0.565218
0.572237
0.565608
0.590724
0.603382
0.577939
0.529036
0.525656
0.528327
0.529498
0.525694
0.562546
0.566917
0.555933
0.590789
0.607808
0.582729
0.538716
0.54137
0.522513
0.521495
0.527725
0.558733
0.561708
0.546476
0.587048
0.609954
0.587379
0.54715
0.555086
0.521483
0.512049
0.527559
0.556332
0.557687
0.540511
0.583546
0.608696
0.589553
0.55469
0.566603
0.529846
0.501491
0.526693
0.555739
0.552658
0.534897
0.579703
0.603148
0.591369
0.564385
0.576363
0.542189
0.493999
0.526037
0.553606
0.547091
0.531139
0.575695
0.594604
0.59009
0.573927
0.583253
0.552707
0.492723
0.523478
0.548928
0.543254
0.529426
0.573185
0.587074
0.585183
0.582565
0.588809
0.561647
0.501902
0.520148
0.543707
0.540484
0.527589
0.5693
0.579028
0.575833
0.591066
0.595857
0.568946
0.514006
0.519577
0.538261
0.535285
0.526921
0.566209
0.572445
0.564817
0.596462
0.601129
0.573372
0.525348
0.525052
0.530681
0.527602
0.529248
0.563345
0.567073
0.555616
0.598008
0.605778
0.57718
0.536438
0.538764
0.523535
0.519613
0.532761
0.559204
0.561013
0.546463
0.594617
0.609269
0.582075
0.546779
0.552128
0.520155
0.511025
0.534076
0.555947
0.556246
0.540711
0.589686
0.60931
0.584394
0.55551
0.563296
0.524663
0.500702
0.533642
0.555075
0.55123
0.536409
0.585064
0.605278
0.586398
0.565428
0.572985
0.536407
0.492425
0.533015
0.554045
0.545055
0.533113
0.57913
0.596929
0.586338
