0
0.998027
1.98423
2.94686
3.87433
4.75528
5.57866
6.33379
7.01045
7.59895
8.09017
8.47565
8.74762
8.89911
8.92394
8.81678
8.57323
8.18981
7.66403
6.99437
6.18034
5.22249
4.12239
2.88266
1.50697
1.53081e-15
-1.63255
-3.384
-5.24668
-7.21201
-9.27051
-11.4119
-13.6249
-15.8979
-18.2181
-20.5725
-22.9473
-25.3282
-27.7008
-30.05
-32.3607
-34.6174
-36.8049
-38.9076
-40.9102
-42.7975
-44.5548
-46.1675
-47.6215
-48.9033
-50
-50.8994
-51.59
-52.0612
-52.3035
-52.3081
-52.0675
-51.5751
-50.8258
-49.8153
-48.541
-47.0013
-45.1961
-43.1265
-40.7951
-38.206
-35.3646
-32.2775
-28.953
-25.4006
-21.6312
-17.657
-13.4915
-9.14933
-4.6465
-1.37773e-14
4.77208
9.65066
14.6157
19.6465
24.7214
29.8181
34.9139
39.9856
45.0095
49.9617
54.8185
59.5556
64.1492
68.5757
72.8115
76.8338
80.6202
84.1489
87.399
90.3504
92.984
95.2819
97.2272
98.8046
100
100.801
101.196
101.176
100.733
99.8609
98.5563
96.8165
94.6411
92.0317
88.9919
85.527
81.6445
77.3538
72.6663
67.5953
62.1559
56.3652
50.242
43.8068
37.082
30.0915
22.8605
15.416
7.78602
3.82702e-14
-7.91161
-15.9173
-23.9848
-32.081
-40.1722
-48.2243
-56.2029
-64.0732
-71.8008
-79.351
-86.6897
-93.783
-100.598
-107.101
-113.262
-119.05
-124.436
-129.39
-133.888
-137.903
-141.413
-144.396
-146.833
-148.706
-150
-150.702
-150.801
-150.29
-149.162
-147.414
-145.045
-142.058
-138.456
-134.248
-129.443
-124.053
-118.093
-111.581
-104.538
-96.9846
-88.9472
-80.4529
-71.5309
-62.213
-52.5329
-42.526
-32.2296
-21.6826
-10.9256
-7.50096e-14
11.0511
22.184
33.3539
44.5155
55.6231
66.6305
77.4918
88.1609
98.5921
108.74
118.561
128.01
137.046
145.627
153.713
161.267
168.251
174.632
180.377
185.456
189.842
193.511
196.439
198.607
200
200.603
200.407
199.404
197.591
194.967
191.534
187.299
182.272
176.465
169.894
162.578
154.541
145.809
136.409
126.374
115.739
104.541
92.8199
80.6193
67.9837
54.9605
41.5987
27.9493
14.0651
1.23995e-13
-14.1907
-28.4506
-42.7229
-56.95
-71.0739
-85.0368
-98.7808
-112.249
-125.383
-138.13
-150.432
-162.238
-173.495
-184.153
-194.164
-203.483
-212.066
-219.873
-226.865
-233.009
-238.271
-242.625
-246.044
-248.509
-250
-250.505
-250.013
-248.519
-246.02
-242.519
-238.023
-232.541
-226.087
-218.681
-210.344
-201.104
-190.99
-180.036
-168.28
-155.763
-142.53
-128.628
-114.109
-99.0255
-83.4346
-67.395
-50.9677
-34.216
-17.2046
-6.73726e-13
17.3302
34.7173
52.092
69.3845
86.5248
103.443
120.07
136.336
152.175
167.519
182.303
196.465
209.943
222.678
234.615
245.699
255.882
265.114
273.354
280.562
286.701
291.739
295.65
298.41
300
300.406
299.619
297.633
294.449
290.072
284.512
277.782
269.902
260.897
250.795
239.63
227.438
214.263
200.151
185.152
169.321
152.716
135.398
117.432
98.8854
79.8295
60.3368
40.4826
20.3441
-3.18609e-13
-20.4697
-40.984
-61.4611
-81.819
-101.976
-121.849
-141.359
-160.424
-178.966
-196.908
-214.174
-230.692
-246.391
-261.204
-275.066
-287.916
-299.697
-310.356
-319.843
-328.114
-335.13
-340.854
-345.256
-348.311
-350
-350.307
-349.224
-346.747
-342.878
-337.625
-331
-323.023
-313.718
-303.114
-291.246
-278.155
-263.887
-248.491
-232.022
-214.542
-196.113
-176.804
-156.687
-135.838
-114.336
-92.2639
-69.7058
-46.7493
-23.4837
-1.01057e-12
23.6092
47.2506
70.8301
94.2535
117.426
140.255
162.648
184.512
205.757
226.297
246.046
264.92
282.84
299.73
315.517
330.132
343.512
355.597
366.332
375.667
383.559
389.968
394.862
398.213
400
400.209
398.83
395.862
391.308
385.178
377.489
368.265
357.533
345.33
331.697
316.681
300.335
282.718
263.894
243.931
222.904
200.891
177.976
154.244
129.787
104.698
79.0749
53.016
26.6232
-3.12548e-13
-26.7488
-53.5173
-80.1992
-106.688
-132.877
-158.662
-183.937
-208.599
-232.549
-255.687
-277.917
-299.147
-319.288
-338.255
-355.967
-372.349
-387.328
-400.838
-412.821
-423.22
-431.988
-439.082
-444.467
-448.114
-450
-450.11
-448.436
-444.976
-439.737
-432.731
-423.978
-413.506
-401.348
-387.547
-372.148
-355.207
-336.784
-316.945
-295.765
-273.32
-249.695
-224.979
-199.265
-172.65
-145.238
-117.133
-88.444
-59.2826
-29.7627
-1.39639e-12
29.8883
59.784
89.5683
119.122
148.328
177.068
205.226
232.687
259.34
285.076
309.788
333.374
355.737
376.781
396.418
414.565
431.143
446.08
459.31
470.773
480.417
488.197
494.073
498.015
