-2.000000000000000000e+00
-1.987193719238633749e+00
-1.975112760397321976e+00
-1.963440531721336590e+00
-1.952007054010893139e+00
-1.940720248461400121e+00
-1.929529641209033919e+00
-1.918407249659640046e+00
-1.907337372726386704e+00
-1.896311073390253732e+00
-1.885323161142210546e+00
-1.874370540887561276e+00
-1.863451314401325387e+00
-1.852564238737827162e+00
-1.841708465358019797e+00
-1.830883358035199082e+00
-1.820088410339249840e+00
-1.809323195458572453e+00
-1.798587322644191744e+00
-1.787880423272248498e+00
-1.777202142328760504e+00
-1.766552129704398677e+00
-1.755930038324769127e+00
-1.745335523871108130e+00
-1.734768233669006232e+00
-1.724227795463744162e+00
-1.713713841197107568e+00
-1.703226014252715803e+00
-1.692763953484731410e+00
-1.682327289292529393e+00
-1.671915647836890839e+00
-1.661528626449863655e+00
-1.651165809159693909e+00
-1.640826784484082701e+00
-1.630511144185226247e+00
-1.620218474053628288e+00
-1.609948339934339945e+00
-1.599700293886108016e+00
-1.589473883180729130e+00
-1.579268645317177366e+00
-1.569084105661005646e+00
-1.558919774971801120e+00
-1.548775152773482100e+00
-1.538649725188465212e+00
-1.528542963751212680e+00
-1.518454324640031272e+00
-1.508383248113757347e+00
-1.498329157360993591e+00
-1.488291457427095565e+00
-1.478269534162840460e+00
-1.468262753094291995e+00
-1.458270458068649633e+00
-1.448291969719627037e+00
-1.438326582679344323e+00
-1.428373568257345738e+00
-1.418432173058038481e+00
-1.408501605225154663e+00
-1.398581046875170042e+00
-1.388669650918654241e+00
-1.378766521718760130e+00
-1.368870733399079054e+00
-1.358981323597526769e+00
-1.349097271119854113e+00
-1.339217519191458150e+00
-1.329340964580528972e+00
-1.319466430211698738e+00
-1.309592696929910982e+00
-1.299718485771044652e+00
-1.289842425996976960e+00
-1.279963096228359909e+00
-1.270078997116853126e+00
-1.260188515059412317e+00
-1.250289974727347930e+00
-1.240381601431360670e+00
-1.230461478798718922e+00
-1.220527597969499389e+00
-1.210577804332058749e+00
-1.200609824167870876e+00
-1.190621217298450718e+00
-1.180609370836811278e+00
-1.170571511552780386e+00
-1.160504626893478219e+00
-1.150405532735073288e+00
-1.140270765859404900e+00
-1.130096609010379005e+00
-1.119879039332376758e+00
-1.109613738352499102e+00
-1.099295993778879543e+00
-1.088920733092948900e+00
-1.078482400008887510e+00
-1.067974999946758485e+00
-1.057391941129870450e+00
-1.046726033123327682e+00
-1.035969416144530753e+00
-1.025113436626575947e+00
-1.014148594694335159e+00
-1.003064412374804482e+00
-9.918492987618617862e-01
-9.804904030540871895e-01
-9.689734704673135246e-01
-9.572826109902567993e-01
-9.454000778785441872e-01
-9.333059970724200127e-01
-9.209780797432682853e-01
-9.083911540762954484e-01
-8.955168034979186231e-01
-8.823227992166362554e-01
-8.687724680335100480e-01
-8.548239409896809526e-01
-8.404292005369210505e-01
-8.255329905301632687e-01
-8.100714503772387109e-01
-7.939704596543032400e-01
-7.771435979139836858e-01
-7.594895871476985416e-01
-7.408891542091163851e-01
-7.212011111080347536e-01
-7.002573753376616361e-01
-6.778566090998164873e-01
-6.537562352238872609e-01
-6.276621307861321997e-01
-5.992151505885515705e-01
-5.679739306673387000e-01
-5.333922946890949923e-01
-4.947897833925612443e-01
-4.513132590781074316e-01
-4.018873246932397891e-01
-3.451513874533193582e-01
-2.793827513436072940e-01
-2.024100227084336401e-01
-1.115334051666364290e-01
-3.496522416353134433e-03
1.253886651433968880e-01
2.787622249199900870e-01
4.590587198201370178e-01
6.653599276270409923e-01
8.905145824829824308e-01
1.119323025345746681e+00
1.330974827166497620e+00
1.506656536069094221e+00
1.637241842069452114e+00
1.724702224831258901e+00
1.777609058989493285e+00
1.805855207626148484e+00
1.817720326504884465e+00
1.819142936016223011e+00
1.814044179725166961e+00
1.804900283290632901e+00
1.793239683911308946e+00
1.779996053676157208e+00
1.765737800936676427e+00
1.750810953318408858e+00
1.735426309083354379e+00
1.719712145617425136e+00
1.703746022687799844e+00
1.687574048255728432e+00
1.671222568982362544e+00
1.654705320665023516e+00
1.638027812059919208e+00
1.621190035018800435e+00
1.604188126840888406e+00
1.587015382110371187e+00
1.569662866328085160e+00
1.552119776848772004e+00
1.534373595153241565e+00
1.516410156067723891e+00
1.498213620415321357e+00
1.479766373775520005e+00
1.461048872920597042e+00
1.442039449516387073e+00
1.422714045630255386e+00
1.403045899179206968e+00
1.383005164117754093e+00
1.362558473551396254e+00
1.341668322133625191e+00
1.320292491870498131e+00
1.298383217317055527e+00
1.275886228923472032e+00
1.252739607652863185e+00
1.228872290067661854e+00
1.204202363475532556e+00
1.178634856669037223e+00
1.152059034590440456e+00
1.124344914603447210e+00
1.095338918263840444e+00
1.064858354268818141e+00
1.032684182178657206e+00
9.985516646024014120e-01
9.621381642348358909e-01
9.230469076063442246e-01
8.807852175261308147e-01
8.347353369742641638e-01
7.841147132251755636e-01
7.279215434881231017e-01
6.648605730920253976e-01
5.932414973230399902e-01
5.108425069071554914e-01
4.147343567135372555e-01
3.010737091695415701e-01
1.649191474386912382e-01
2.385959213383748168e-04
-1.994644051591829836e-01
-4.390393737684382125e-01
-7.169861044523869742e-01
-1.018634984137062549e+00
-1.313098771156235189e+00
-1.563497957427682383e+00
-1.747055591051419166e+00
-1.864486275065558862e+00
-1.931253303968746726e+00
-1.964879289079461300e+00
-1.978732707640912913e+00
-1.981361916171503035e+00
-1.977775318562610130e+00
-1.970784619051836994e+00
-1.961938437415036152e+00
-1.952084168277971488e+00
-1.941685605945301152e+00
-1.930997546803095322e+00
-1.920160743724807606e+00
-1.909253440064797580e+00
-1.898319393211374884e+00
-1.887383230503216991e+00
-1.876458845755995641e+00
-1.865554093671497160e+00
-1.854673395663303692e+00
-1.843819198315205243e+00
-1.832992814191667375e+00
-1.822194890908079179e+00
-1.811425688421718583e+00
-1.800685225712794546e+00
-1.789973391978108008e+00
-1.779289986622064168e+00
-1.768634755343252651e+00
-1.758007412724823748e+00
-1.747407646620405597e+00
-1.736835125148157744e+00
-1.726289508652227411e+00
-1.715770450093385913e+00
-1.705277588103189190e+00
-1.694810543507951683e+00
-1.684368941141557885e+00
-1.673952417617620814e+00
-1.663560590636890435e+00
-1.653193063707480537e+00
-1.642849424502881295e+00
-1.632529247047131760e+00
-1.622232114697428340e+00
-1.611957602528444111e+00
-1.601705268185587450e+00
-1.591474658505334094e+00
-1.581265313176413612e+00
-1.571076759024160552e+00
-1.560908510462188925e+00
-1.550760069389938156e+00
-1.540630924636608112e+00
-1.530520550589667295e+00
-1.520428406579793501e+00
-1.510353935997821084e+00
-1.500296564953070622e+00
-1.490255701107053188e+00
-1.480230735350866134e+00
-1.470221039917102956e+00
-1.460225964409690658e+00
-1.450244831633278331e+00
-1.440276942683992090e+00
-1.430321573121652534e+00
-1.420377970543185597e+00
-1.410445352213505199e+00
-1.400522905700169796e+00
-1.390609786567278849e+00
-1.380705113709343568e+00
-1.370807964958436376e+00
-1.360917381518017333e+00
-1.351032363604505182e+00
-1.341151861981226823e+00
-1.331274770554597975e+00
-1.321399936221522742e+00
-1.311526151217658143e+00
-1.301652133097670028e+00
-1.291776556766365491e+00
-1.281897987463685551e+00
-1.272014944140611448e+00
-1.262125853679829879e+00
-1.252229037225999431e+00
-1.242322724974203929e+00
-1.232405045102176633e+00
-1.222474016745841663e+00
-1.212527511942982139e+00
-1.202563281504507531e+00
-1.192578908576544139e+00
-1.182571832431698278e+00
-1.172539287110418771e+00
-1.162478340303399360e+00
-1.152385818208212065e+00
-1.142258320354782031e+00
-1.132092184655255629e+00
-1.121883455525888973e+00
-1.111627858885159581e+00
-1.101320773914619355e+00
-1.090957198052449728e+00
-1.080531679004912426e+00
-1.070038299266003579e+00
-1.059470593359307822e+00
-1.048821499656791723e+00
-1.038083297075208300e+00
-1.027247484995910787e+00
-1.016304758859687185e+00
-1.005244822099051971e+00
-9.940563146963552477e-01
-9.827266422837134252e-01
-9.712418532053914699e-01
-9.595863753128556217e-01
-9.477428703829975376e-01
-9.356918831337531772e-01
-9.234116432677221820e-01
-9.108775665432621294e-01
-8.980619007572592238e-01
-8.849332300023953213e-01
-8.714557967178553355e-01
-8.575888000898935770e-01
-8.432855442728799389e-01
-8.284922696187834168e-01
-8.131469172435821235e-01
-7.971775266450940034e-01
-7.805002561027057917e-01
-7.630169949402788587e-01
-7.446122577851596036e-01
-7.251495062779291789e-01
-7.044663525488215061e-01
-6.823685799016577791e-01
-6.586223969091485886e-01
-6.329446877037636643e-01
-6.049902832793706553e-01
-5.743355527495739299e-01
-5.404568773539158988e-01
-5.027028030300888517e-01
-4.602575156111269883e-01
-4.120936910259008212e-01
-3.569121830540916696e-01
-2.930678386968276761e-01
-2.184840416506463601e-01
-1.305692611273908676e-01
-2.617312749964452803e-02
9.833062283482212063e-02
2.466559532312855574e-01
4.216090353888821141e-01
6.231449675157259005e-01
8.455508021994446732e-01
1.075188208092218378e+00
1.291875067659234544e+00
1.475691892864051002e+00
1.615259897969056890e+00
1.710612439305601473e+00
1.769489039740689940e+00
1.801840818705471969e+00
1.816373572594673469e+00
1.819476940839990453e+00
1.815422710303980169e+00
1.806926685898700313e+00
1.795670616613862292e+00
1.782683199082582215e+00
1.768590898685135526e+00
1.753775037681035265e+00
1.738467891589366987e+00
1.722810882022637324e+00
1.706889678506565033e+00
1.690755441466274878e+00
1.674437704813124261e+00
1.657952267781487299e+00
1.641305996256789079e+00
1.624499798583463495e+00
1.607530480524018479e+00
1.590391829173152027e+00
1.573075313508371043e+00
1.555570474874893305e+00
1.537865121690584536e+00
1.519945414994179123e+00
1.501795851364907675e+00
1.483399168961522463e+00
1.464736221156044182e+00
1.445785776782548160e+00
1.426524267526320999e+00
1.406925487585940937e+00
1.386960226477204072e+00
1.366595827922076012e+00
1.345795662052773567e+00
1.324518523066523290e+00
1.302717761857829171e+00
1.280340479310336343e+00
1.257326339734555765e+00
1.233606209557587707e+00
1.209100483380938007e+00
1.183716918035526255e+00
1.157348110058862511e+00
1.129868151720915703e+00
1.101128510121661463e+00
1.070952672768498593e+00
1.039129370535890606e+00
1.005403698717484140e+00
9.694655005436549899e-01
9.309339890496022285e-01
8.893373207307974093e-01
8.440849880112472059e-01
7.944304067258469715e-01
7.394199431018170232e-01
6.778227600340058778e-01
6.080354331258489564e-01
5.279528964596639229e-01
4.348000362781694328e-01
3.249290636735320259e-01
1.936229238566041511e-01
3.504236356979596734e-02
-1.573216002128175195e-01
-3.889173070783719099e-01
-6.599965910605729569e-01
-9.589682215746453409e-01
-1.257827108670554361e+00
-1.519351738808430552e+00
-1.716640311368898830e+00
-1.846060031441566940e+00
-1.921297144100231336e+00
-1.960197596309240398e+00
-1.977112555199044053e+00
-1.981455310935080094e+00
-1.978811443920837299e+00
-1.972335626675814080e+00
-1.963769701714669802e+00
-1.954067399149219897e+00
-1.943750499987116465e+00
-1.933105391078596913e+00
-1.922290093857390803e+00
-1.911392338182712480e+00
-1.900461141151725819e+00
-1.889524045919807493e+00
-1.878596591184577447e+00
-1.867687568041073831e+00
-1.856801919386829702e+00
-1.845942402288682338e+00
-1.835110504983866742e+00
-1.824306982422901902e+00
-1.813532144328727336e+00
-1.802786059296368704e+00
-1.792068632930530869e+00
-1.781379679013403550e+00
-1.770718958005321531e+00
-1.760086182354166029e+00
-1.749481041620233768e+00
-1.738903210956864731e+00
-1.728352351122912411e+00
-1.717828108992005554e+00
-1.707330129331134483e+00
-1.696858058844186834e+00
-1.686411522984498257e+00
-1.675990137494352661e+00
-1.665593510655638099e+00
-1.655221250903285757e+00
-1.644872956526900243e+00
-1.634548215580571506e+00
-1.624246606281686933e+00
-1.613967699519866628e+00
-1.603711057190948974e+00
-1.593476230091049883e+00
-1.583262758255260305e+00
-1.573070170856020189e+00
-1.562897985076628915e+00
-1.552745705462966530e+00
-1.542612823297260016e+00
-1.532498815868392317e+00
-1.522403145365176513e+00
-1.512325257706848225e+00
-1.502264583485737104e+00
-1.492220536652634211e+00
-1.482192510981806599e+00
-1.472179879088277854e+00
-1.462181993205490027e+00
-1.452198182986954356e+00
-1.442227754084614677e+00
-1.432269987100396769e+00
-1.422324136320185950e+00
-1.412389426412471005e+00
-1.402465049958915966e+00
-1.392550168863462279e+00
-1.382643911106834711e+00
-1.372745363035801969e+00
-1.362853572283256431e+00
-1.352967545892726831e+00
-1.343086240670261278e+00
-1.333208572446781037e+00
-1.323333389709369756e+00
-1.313459497705314449e+00
-1.303585632625853252e+00
-1.293710462794972926e+00
-1.283832588722741308e+00
-1.273950539746796728e+00
-1.264062752924050459e+00
-1.254167580811626603e+00
-1.244263272914380325e+00
-1.234347979103324056e+00
-1.224419728873024971e+00
-1.214476428384690943e+00
-1.204515846258346290e+00
-1.194535619253325853e+00
-1.184533191767686677e+00
-1.174505865222646994e+00
-1.164450714154802613e+00
-1.154364629301333878e+00
-1.144244251687577485e+00
-1.134085964272635527e+00
-1.123885900797067183e+00
-1.113639833841699067e+00
-1.103343213886502028e+00
-1.092991112112044139e+00
-1.082578170271810913e+00
-1.072098570546606844e+00
-1.061545946050597822e+00
-1.050913384300264486e+00
-1.040193278038584301e+00
-1.029377293458392240e+00
-1.018456283443613941e+00
-1.007420150750251597e+00
-9.962577589694477931e-01
-9.849567851145702990e-01
-9.735035298104859347e-01
-9.618827943433964078e-01
-9.500775713175706461e-01
-9.380688639012531027e-01
-9.258353521203526171e-01
-9.133530447817340692e-01
-9.005948606897703490e-01
-8.875301563607667088e-01
-8.741240590860455129e-01
-8.603368322046609507e-01
-8.461229857582742708e-01
-8.314302515458866782e-01
-8.161983325093968844e-01
-8.003573318353850441e-01
-7.838259171217220045e-01
-7.665089568690081068e-01
-7.482946697359705857e-01
-7.290509857006507444e-01
-7.086209882439786778e-01
-6.868172280356619197e-01
-6.634143893793074120e-01
-6.381399038844109972e-01
-6.106619114743858656e-01
-5.805736794226024067e-01
-5.473731117953493097e-01
-5.104363585486968447e-01
-4.689831436613643989e-01
-4.220318721174664001e-01
-3.683420159232140279e-01
-3.063426520429028410e-01
-2.340485813923201541e-01
-1.489746347398684390e-01
-4.807918131857883554e-02
7.218839004267797732e-02
2.155789824808817534e-01
3.851960344021712057e-01
5.817559686701779809e-01
8.008870453840573056e-01
1.030556908151005313e+00
1.251486049356493879e+00
1.442992642630990030e+00
1.591558620751052588e+00
1.695118531804227002e+00
1.760356895078176942e+00
1.797150820606640664e+00
1.814595256620939789e+00
1.819541186175551717e+00
1.816633988900804075e+00
1.808849156604186215e+00
1.798036303349558551e+00
1.785328651108996523e+00
1.771416641414340187e+00
1.756720499206462449e+00
1.741496173663003466e+00
1.725899542756708316e+00
1.710025181740180367e+00
1.693929788485348142e+00
1.677646392717912827e+00
1.661193022236791217e+00
1.644578016062267833e+00
1.627803278546229304e+00
1.610866303787459763e+00
1.593761414739849114e+00
1.576480492854156035e+00
1.559013436582210810e+00
1.541348385451045466e+00
1.523471815389289885e+00
1.505368560839943415e+00
1.487021713960936520e+00
1.468412507598138905e+00
1.449520132203339529e+00
1.430321503760992874e+00
1.410790963119051833e+00
1.390899918742889874e+00
1.370616427478565491e+00
1.349904702114043786e+00
1.328724438114993411e+00
1.307030154228544738e+00
1.284770253693546804e+00
1.261885956493408845e+00
1.238309994507537315e+00
1.213964918007138793e+00
1.188761173771478941e+00
1.162594560747896466e+00
1.135343104022201288e+00
1.106863049726046988e+00
1.076983853303048910e+00
1.045501706851065915e+00
1.012171036722612216e+00
9.766935666830951490e-01
9.387038010043869951e-01
8.977496329577083767e-01
8.532663578764230206e-01
8.045415517428030627e-01
7.506668393515566473e-01
6.904723348324922627e-01
6.224365929118156338e-01
5.445647069830334974e-01
4.542279002833831680e-01
3.479660220951941718e-01
2.212832928722316683e-01
6.854824869319367520e-02
-1.166981703974152157e-01
-3.403464516955815311e-01
-6.041330004859799541e-01
-8.993330992393619994e-01
-1.201089539067301759e+00
-1.472661615189501116e+00
-1.683567552039294757e+00
-1.825547153688750202e+00
-1.909961354196340277e+00
-1.954689090269597251e+00
-1.975022141707428958e+00
-1.981288103059186456e+00
-1.979704807548473999e+00
-1.973808785790848619e+00
-1.965558639057575441e+00
-1.956027734415745067e+00
-1.945803165758084541e+00
-1.935206896138278010e+00
-1.924416376200001499e+00
-1.913530003349688924e+00
-1.902602678902823641e+00
-1.891665232323103796e+00
-1.880735036997615905e+00
-1.869821924865248786e+00
-1.858931429469673935e+00
-1.848066648553954305e+00
-1.837229264736597534e+00
-1.826420152124372809e+00
-1.815639687411845227e+00
-1.804887976874314237e+00
-1.794164949391839015e+00
-1.783470438070585029e+00
-1.772804206501382263e+00
-1.762165982920508300e+00
-1.751555456914732911e+00
-1.740972304785315616e+00
-1.730416193574180639e+00
-1.719886774828434328e+00
-1.709383684564252714e+00
-1.698906559678038830e+00
-1.688455044788664372e+00
-1.678028763282773062e+00
-1.667627326026654089e+00
-1.657250330792146897e+00
-1.646897373470006309e+00
-1.636568050310615474e+00
-1.626261944446236729e+00
-1.615978628942071005e+00
-1.605717663452155497e+00
-1.595478600061930541e+00
-1.585260983178151895e+00
-1.575064344269325733e+00
-1.564888202370766646e+00
-1.554732064471020303e+00
-1.544595424783462567e+00
-1.534477763399321848e+00
-1.524378545586447586e+00
-1.514297221149147665e+00
-1.504233223415493814e+00
-1.494185968217790483e+00
-1.484154852858254658e+00
-1.474139254503461727e+00
-1.464138527958441793e+00
-1.454152009115139421e+00
-1.444179013662658662e+00
-1.434218823184929770e+00
-1.424270694566520001e+00
-1.414333864158328069e+00
-1.404407533563749588e+00
-1.394490860644647556e+00
-1.384582982519573013e+00
-1.374683002634250917e+00
-1.364789965350434064e+00
-1.354902885467938578e+00
-1.345020743258013018e+00
-1.335142450955260074e+00
-1.325266867610014554e+00
-1.315392815800094706e+00
-1.305519055632901715e+00
-1.295644254170284171e+00
-1.285767029778440262e+00
-1.275885918312238854e+00
-1.265999374986444659e+00
-1.256105784311275286e+00
-1.246203404424652827e+00
-1.236290406852923462e+00
-1.226364858707437167e+00
-1.216424671013592862e+00
-1.206467659892897837e+00
-1.196491482083913649e+00
-1.186493618720514842e+00
-1.176471394129314785e+00
-1.166421930971417442e+00
-1.156342167671631671e+00
-1.146228778355646183e+00
-1.136078225287261656e+00
-1.125886649756127511e+00
-1.115649935963330730e+00
-1.105363592724913913e+00
-1.095022767846192568e+00
-1.084622182200827512e+00
-1.074156119585103042e+00
-1.063618327133865726e+00
-1.053001987221987568e+00
-1.042299651451788156e+00
-1.031503137904655532e+00
-1.020603456247199503e+00
-1.009590713105338322e+00
-9.984539776108377618e-01
-9.871811695928985886e-01
-9.757588880148134747e-01
-9.641722128026853911e-01
-9.524045474826583479e-01
-9.404372850983268028e-01
-9.282495927868595897e-01
-9.158180335921952686e-01
-9.031161684028689018e-01
-8.901140770925769496e-01
-8.767777963779623818e-01
-8.630685875957363473e-01
-8.489421658007160199e-01
-8.343476783352232751e-01
-8.192265127542491809e-01
-8.035107960009439942e-01
-7.871215932568219609e-01
-7.699666833921733344e-01
-7.519377986670615632e-01
-7.329071899973040871e-01
-7.127231969016858404e-01
-6.912048690251408889e-01
-6.681349659010465958e-01
-6.432510457550562055e-01
-6.162339498431591567e-01
-5.866930153380580659e-01
-5.541467501364440995e-01
-5.179975434164666437e-01
-4.774989413462496501e-01
-4.317128607658043404e-01
-3.794546871680565259e-01
-3.192244614490936661e-01
-2.491250699763367660e-01
-1.667752639309774132e-01
-6.924351675475574897e-02
4.693409110692023378e-02
1.855141273275648650e-01
3.498312013292649847e-01
5.412566032847433428e-01
7.566517010547467725e-01
9.855958825702496595e-01
1.209944464155283006e+00
1.408607983221903837e+00
1.566103463140408047e+00
1.678146213796582353e+00
1.750137583278152498e+00
1.791726351697227937e+00
1.812344577529579892e+00
1.819309412924090541e+00
1.817661636927159430e+00
1.810657680560924243e+00
1.800330673854509289e+00
1.787928754410925247e+00
1.774212840876158381e+00
1.759646049430141801e+00
1.744510408253417522e+00
1.728977715744197452e+00
1.713152332544276346e+00
1.697097026138894238e+00
1.680848645628473692e+00
1.664427656392557298e+00
1.647843984510545701e+00
1.631100605776259815e+00
1.614195759467512259e+00
1.597124319360289757e+00
1.579878602927339504e+00
1.562448871885183665e+00
1.544823601586967632e+00
1.526989596512434932e+00
1.508932006537893500e+00
1.490634274766748479e+00
1.472078014886152975e+00
1.453242835754100293e+00
1.434106114877863103e+00
1.414642724379945093e+00
1.394824678932939044e+00
1.374620730155981407e+00
1.353995874646490849e+00
1.332910762680164618e+00
1.311320990095297123e+00
1.289176236476516912e+00
1.266419222117032506e+00
1.242984439296328292e+00
1.218796593381418658e+00
1.193768686685551028e+00
1.167799622863955111e+00
1.140771159986070149e+00
1.112544178151819274e+00
1.082953848861587520e+00
1.051803465451615294e+00
1.018856408378397749e+00
9.838257482852504898e-01
9.463604815970683148e-01
9.060272791373072954e-01
8.622859251322861907e-01
8.144561757535899726e-01
7.616726591708240512e-01
7.028228790544838178e-01
6.364626909702932878e-01
5.607012553188682746e-01
4.730484787632593391e-01
3.702237558221741498e-01
2.479478624600933157e-01
1.008068840050370951e-01
-7.755833164757630627e-02
-2.933461184896103968e-01
-5.495272006591492842e-01
-8.399932636029349142e-01
-1.143174781577674937e+00
-1.423567052538826205e+00
-1.647786984138120081e+00
-1.802809689317785624e+00
-1.897114949182880261e+00
-1.948261744446804888e+00
-1.972405245391898765e+00
-1.980828148061411831e+00
-1.980437543189729643e+00
-1.975194290062398439e+00
-1.967299932967027321e+00
-1.957962272643921864e+00
-1.947842021318873629e+00
-1.937301199394303453e+00
-1.926539123919402963e+00
-1.915666179121813029e+00
-1.904743880415015189e+00
-1.893806730293761786e+00
-1.882874164528463012e+00
-1.871957166384868865e+00
-1.861061941318867818e+00
-1.850191958143604154e+00
-1.839349122728402453e+00
-1.828534429068557010e+00
-1.817748341994366079e+00
-1.806991000552657933e+00
-1.796262369125688263e+00
-1.785562292063972434e+00
-1.774890543314553870e+00
-1.764246856944402975e+00
-1.753630931574494678e+00
-1.743042446569382342e+00
-1.732481067052658918e+00
-1.721946451547277546e+00
-1.711438241851933828e+00
-1.700956064125918044e+00
-1.690499556000833348e+00
-1.680068356089234216e+00
-1.669662080936551662e+00
-1.659280336045655835e+00
-1.648922710532986668e+00
-1.638588791817601642e+00
-1.628278170173991457e+00
-1.617990422788303961e+00
-1.607725116606010696e+00
-1.597481803368283382e+00
-1.587260024054433893e+00
-1.577059314251143540e+00
-1.566879197016096237e+00
-1.556719181903104543e+00
-1.546578764740270229e+00
-1.536457428715506834e+00
-1.526354642241933401e+00
-1.516269858206066301e+00
-1.506202513150354028e+00
-1.496152026456875284e+00
-1.486117799124396344e+00
-1.476099212695985763e+00
-1.466095628090364755e+00
-1.456106383663420489e+00
-1.446130793570754136e+00
-1.436168151139871618e+00
-1.426217723548855343e+00
-1.416278741391978624e+00
-1.406350413869133620e+00
-1.396431919369857333e+00
-1.386522389670910238e+00
-1.376620930878497351e+00
-1.366726612699225241e+00
-1.356838448091106208e+00
-1.346955418188761300e+00
-1.337076460502913067e+00
-1.327200440547765314e+00
-1.317326184321818694e+00
-1.307452465248981177e+00
-1.297577966070035727e+00
-1.287701319404942257e+00
-1.277821095033964571e+00
-1.267935752072512967e+00
-1.258043677666315530e+00
-1.248143164179723819e+00
-1.238232394453424590e+00
-1.228309463066635798e+00
-1.218372312286998271e+00
-1.208418774720450672e+00
-1.198446539142308254e+00
-1.188453113994409671e+00
-1.178435880253338341e+00
-1.168391994136787959e+00
-1.158318420537848281e+00
-1.148211889704700006e+00
-1.138068907477671976e+00
-1.127885683940759609e+00
-1.117658150562308661e+00
-1.107381885509708841e+00
-1.097052123404542723e+00
-1.086663681387186609e+00
-1.076210919373676411e+00
-1.065687688128743149e+00
-1.055087301583606640e+00
-1.044402424432960608e+00
-1.033625021658122645e+00
-1.022746291795010753e+00
-1.011756515587872496e+00
-1.000644972832818391e+00
-9.893998276617106402e-01
-9.780079407152457716e-01
-9.664547076309797369e-01
-9.547238673403745102e-01
-9.427972549378809131e-01
-9.306544881091453059e-01
-9.182726635094561329e-01
-9.056259681965017627e-01
-8.926852036016433845e-01
-8.794172351631502904e-01
-8.657843554322931512e-01
-8.517434136318541293e-01
-8.372449352435429315e-01
-8.222319237614709175e-01
-8.066384592746217441e-01
-7.903879422940159882e-01
-7.733909490186071656e-01
-7.555425942020159713e-01
-7.367192379326937823e-01
-7.167743315856305308e-01
-6.955331406864990740e-01
-6.727861510732980888e-01
-6.482805871306206447e-01
-6.217094613291070937e-01
-5.926974559064334125e-01
-5.607826551408841009e-01
-5.253925058735038345e-01
-4.858127086261948002e-01
-4.411466035021097132e-01
-3.902628439106635150e-01
-3.317292859707021146e-01
-2.637334708504789904e-01
-1.839954267153007805e-01
-8.969392683826037105e-02
2.253985034475710497e-02
1.564419268293778531e-01
3.155198302897498919e-01
5.017001261696262260e-01
7.129626686559229487e-01
9.404702524416329590e-01
1.167399666047915341e+00
1.372607123193324341e+00
1.538874292897736362e+00
1.659626133839055218e+00
1.738754609602333634e+00
1.785505147152895544e+00
1.809577734224452783e+00
1.818753004328108602e+00
1.818487679137227975e+00
1.812341150962197389e+00
1.802546915807087258e+00
1.790479326035681717e+00
1.776976938476553691e+00
1.762550092316840900e+00
