1.000000000000000056e-01
3.600000000000000422e-01
9.215999999999999748e-01
2.890137600000000639e-01
8.219392261226498020e-01
5.854205387341974154e-01
9.708133262494379467e-01
1.133392473037612147e-01
4.019738492975122868e-01
9.615634951138127828e-01
1.478365599132852870e-01
5.039236458651635830e-01
9.999384200124991073e-01
2.463047816241281922e-04
9.849764623147091221e-04
3.936025134733580309e-03
1.568213136348930309e-02
6.174480847755027535e-02
2.317295484144836493e-01
7.121238592244124588e-01
8.200138733909665412e-01
5.903644833492417421e-01
9.673370405960984852e-01
1.263843619475223945e-01
4.416454200105601746e-01
9.863789719770242881e-01
5.374198247429209235e-02
2.034151271760999136e-01
6.481496528481240915e-01
9.122067214439212313e-01
3.203424751858141017e-01
8.708926951105606662e-01
4.497544348544987303e-01
9.899015327328367642e-01
3.998595290406907476e-02
1.535483058976905846e-01
5.198848946145593342e-01
9.984183638646715320e-01
6.316538249855565071e-03
2.510655837757470518e-02
9.790487641603255742e-02
3.532780463599758392e-01
9.138906732802184463e-01
3.147780422865898986e-01
8.627713055232468786e-01
4.735879195558362897e-01
9.972096080264439832e-01
1.113042274475972357e-02
4.402614573713063695e-02
1.683513769146542938e-01
5.600367632223771652e-01
9.855823482471208763e-01
5.683913228324730116e-02
2.144337812981392533e-01
6.738077389452841182e-01
8.791634795309118955e-01
4.249402231600470370e-01
9.774641196029459911e-01
8.811205796713474092e-02
3.213932928317241311e-01
8.723985766180230028e-01
4.452772005314817871e-01
9.880216608733133343e-01
4.733943407381101254e-02
1.803936482215292569e-01
5.914071196114256690e-01
9.665789539373700334e-01
1.292163189708381288e-01
4.500778475298589654e-01
9.900311147709918158e-01
3.947802622519618748e-02
1.516780466822356399e-01
5.146872673475887394e-01
9.991371367114417756e-01
3.448475022013931367e-03
1.374633216814590865e-02
5.422948208027562195e-02
2.051545814143227453e-01
6.522647165561470395e-01
9.072618243683048256e-01
3.365512256488001341e-01
8.931379926523621560e-01
3.817700749330849574e-01
9.440867392746865594e-01
2.111478720015062538e-01
6.662577926029671360e-01
8.894333855951550571e-01
3.933665527355811320e-01
9.545172316980254923e-01
1.736563443582536392e-01
5.739992736895250802e-01
9.780964299736910617e-01
8.569521458564607896e-02
3.134061791310646106e-01
8.607309840541266244e-01
4.794926285733657756e-01
9.983177908686801105e-01
6.717517215033573519e-03
2.668956870999720371e-02
1.039089425282861689e-01
3.724474967637579348e-01
9.349214356726739394e-01
2.433733791696805759e-01
7.365711099248458682e-01
7.761364397957060124e-01
6.949946664678097186e-01
8.479083201964305871e-01
5.158392029523917177e-01
9.989964785993318275e-01
4.010057381866293826e-03
1.597590728664173218e-02
6.288271069204143249e-02
2.357139015522498049e-01
7.206114326690643557e-01
8.053223831028115676e-01
6.271129695056798514e-01
9.353691719337924315e-01
2.418147365187355291e-01
7.333614788844401433e-01
7.821696806914679723e-01
6.815210851938999781e-01
8.682003825201156655e-01
4.577139132481620187e-01
9.928475474688641667e-01
2.840517981570272674e-02
1.103933023013612957e-01
3.928264844334462547e-01
9.540553502444226730e-01
1.753349556576586088e-01
5.783704359287419328e-01
9.754322990893558032e-01
9.585651593043731378e-02
3.466721771364605353e-01
9.059623149437083800e-01
3.407783953821812983e-01
8.985939224917081081e-01
3.644915398106967630e-01
9.265498288684961281e-01
2.722209739690266694e-01
7.924668612015246527e-01
6.578525403957125040e-01
9.003303019624797621e-01
3.589425973225190969e-01
9.204112365995320566e-01
2.930175685634091032e-01
8.286330923063878195e-01
5.680011625645646767e-01
9.815033675594705409e-01
7.261802811555764792e-02
2.693786004326629291e-01
7.872550802464106656e-01
6.699380754905126523e-01
8.844842019943233158e-01
4.086875936671535703e-01
9.666481777988206181e-01
1.289579126281611976e-01
4.493110775949949454e-01
9.897225325816776387e-01
4.068736432715073376e-02
1.561276108450417588e-01
5.270071199074438661e-01
9.970824618972198294e-01
1.163610429679598664e-02
4.600282149436029505e-02
1.755462476356732804e-01
5.789190503068326610e-01
9.750871339946705074e-01
9.716886045091996382e-02
3.509082920383584381e-01
9.110866504683223788e-01
3.240310632269413627e-01
8.761397331638370867e-01
4.340756045417497599e-01
9.826158963338569308e-01
6.832758642347144806e-02
2.546357094280579658e-01
7.591854596485103635e-01
7.312915900271615977e-01
7.860168015308296452e-01
6.727775569682959977e-01
8.805916632322688953e-01
4.205999435123808916e-01
9.747825241190516410e-01
9.832621916456858735e-02
3.546326951574792496e-01
9.154733867312866424e-01
3.095274596721389049e-01
8.548808455242052906e-01
4.962383419201005785e-01
9.999433997139596242e-01
2.263883297919838439e-04
9.053483124644714445e-04
3.618114627590356819e-03
1.442009549652789428e-02
5.684862536959563867e-02
2.144674366527320186e-01
6.738846210733535624e-01
8.790565542167050328e-01
4.252645148214326265e-01
9.776584290204964889e-01
8.736970074268526898e-02
3.189449445392755766e-01
8.688762675684560399e-01
4.557211968990593220e-01
9.921575503837924970e-01
3.112378240089900064e-02
1.206203702798419597e-01
4.242843862135831090e-01
9.770685833157846112e-01
8.962226725228110424e-02
3.263604658593672325e-01
8.793972487336960686e-01
4.242309106132078345e-01
9.770361803739852080e-01
8.974593045679460368e-02
3.267663936929551816e-01
8.799604705834230822e-01
4.225201631760947540e-01
9.759874995429640432e-01
9.374360111534721374e-02
3.398229534610955338e-01
8.973732550482945713e-01
3.683779846892921150e-01
9.307025803421912213e-01
2.579811491463132600e-01
7.657075033258436969e-01
7.175980907053870483e-01
8.106042836854806533e-01
6.140999158249178524e-01
9.479248368349866283e-01
1.974533621854024368e-01
6.338621277883308425e-01
9.283237229759223608e-01
2.661551533441812722e-01
7.812663507700664534e-01
6.835569596979597096e-01
8.652273701857663424e-01
4.664358722687567682e-01
9.954937973185632449e-01
1.794358727532226888e-02
7.048645980406063882e-02
2.620724751534047048e-01
7.735619716814911007e-01
7.006553905989402198e-01
8.389496568943469734e-01
5.404525203648178344e-01
9.934543743845359876e-01
2.601112160306477683e-02
1.013381726240614178e-01
3.642749895731093868e-01
9.263148861784816779e-01
2.730224712905128248e-01
7.939248058437357036e-01
6.544328340388890775e-01
9.046019990828677582e-01
3.451888893525882906e-01
9.041340800804593680e-01
3.467025812700834098e-01
9.059996056429784339e-01
3.406572808709839584e-01
8.984395914422859120e-01
3.649835678852171306e-01
9.270822522359769557e-01
2.704029993001814125e-01
7.891408690785900459e-01
6.655902313139105964e-01
8.903195011736223519e-01
3.906027480142984509e-01
9.521289650319078035e-01
1.823175959167035731e-01
5.963115605434285982e-01
9.628963332227579164e-01
1.429079387557018743e-01
4.899410391851937718e-01
9.995952692293048614e-01
1.618267854793564546e-03
6.462596255774825070e-03
2.568332442163867926e-02
1.000947650731661559e-01
3.603032123124553232e-01
9.219392300391242578e-01
2.878691446159639122e-01
8.200020007761487095e-01
5.903948779970469296e-01
9.673150641275960471e-01
1.264665233576831860e-01
4.418909673100150370e-01
9.864933612793369555e-01
5.329683772453012308e-02
2.018251392523809085e-01
6.443670096725518937e-01
9.166326660728212339e-01
3.056688862442121235e-01
8.489416729057401856e-01
5.129588356389737092e-01
9.993282743155282866e-01
2.685097876306137901e-03
1.071155250280317675e-02
4.238726058313146972e-02
1.623623228935567042e-01
5.440031959926605598e-01
9.922548749697259751e-01
3.074055227415779107e-02
1.191822828801502449e-01
4.199114653105043837e-01
9.743433064451578751e-01
9.999371052270018823e-02
3.599798735144104644e-01
9.215774567158381281e-01
2.890897919560225238e-01
8.220675365713846494e-01
5.850900075473592921e-01
9.710387624623613156e-01
1.124899370317086061e-01
3.993438043932433512e-01
9.594733211438973841e-01
1.555370686279877734e-01
5.253811556424016205e-01
9.974231877530247425e-01
1.028068914247638396e-02
4.069998629292861242e-02
1.561739896347361378e-01
5.271346983852218671e-01
9.970548325741721563e-01
1.174597365864674461e-02
4.643202304582848966e-02
1.771043611268005580e-01
5.829536255866734074e-01
9.724747840081040540e-01
1.070703139059816927e-01
3.824250471442249832e-01
9.447045218438491210e-01
2.089515530065340909e-01
6.611632060107666131e-01
8.961056841133248074e-01
3.724011480524597739e-01
9.348741319266787864e-01
2.435379575240702865e-01
7.369088830762977604e-01
7.754967244781643121e-01
6.964062192072096869e-01
8.456983882269180075e-01
5.219704975092442911e-01
9.980691889567852026e-01
7.708332047720788290e-03
3.059565465905147649e-02
1.186382423001421521e-01
4.182528390562996190e-01
9.732696067105789384e-01
1.040635174560557430e-01
3.729372071629156737e-01
9.354201867057607700e-01
2.416370440364817296e-01
7.329943319431725390e-01
7.828545651294188668e-01
6.799731799417894074e-01
8.704386180065611933e-01
4.511009211575561229e-01
9.904355203534419561e-01
3.789200150259448147e-02
1.458247908988874186e-01
4.982396850327326931e-01
9.999876051648641795e-01
4.957872601552987946e-05
1.983050718618262155e-04
7.930629878412004180e-04
3.169736155754067017e-03
1.263875571382788894e-02
4.991607027133628666e-02
1.896978248000132095e-01
6.148502402646268683e-01
9.472376892446299212e-01
1.999137972764953586e-01
6.397930837399506965e-01
9.218315749539005566e-01
2.882324894876471255e-01
8.206180859656020399e-01
5.888161718070152872e-01
9.684467505021869815e-01
1.222305677757671294e-01
4.291610243079229114e-01
9.799273580915892623e-01
7.867892382090979631e-02
2.899542030691730776e-01
8.235230527667752876e-01
5.813313373138653262e-01
9.735408542829530054e-01
1.030362372998842729e-01
3.696790844118648112e-01
9.320658358410806033e-01
2.532764539957935712e-01
7.565099673884408960e-01
7.368105465215240013e-01
7.756830602247084538e-01
6.959954012205591400e-01
8.463432108015681576e-01
5.201855213266420863e-01
9.983701789150867256e-01
6.508659072577785767e-03
2.586518571861894447e-02
1.007847115454411774e-01
3.625086138565735694e-01
9.243844749454367404e-01
2.795912697011438963e-01
8.056799664321844245e-01
6.262390324880744430e-01
9.362548267058995455e-01
2.387269047032222202e-01
7.269454786961635495e-01
7.939829987974766912e-01
6.542959856721712875e-01
9.047709952218124796e-01
3.446417657085738551e-01
9.034552761514014207e-01
3.488953605823856829e-01
9.086695517858910387e-01
3.319567897724756689e-01
8.870459179857121956e-01
4.007818294823893845e-01
9.606230185565534097e-01
1.513057391033962029e-01
5.136492496710848288e-01
9.992547919336655093e-01
2.978610925089442574e-03
1.187895520818552098e-02
4.695138252538977319e-02
1.789878008173771962e-01
5.878046719037444134e-01
9.691613583675031673e-01
1.195504792590370569e-01
4.210326486718864447e-01
9.750566296968889990e-01
9.728479432413152106e-02
3.512818524697717826e-01
9.115316503807090465e-01
3.225668029397193992e-01
8.740698423238705272e-01
4.402870122551785781e-01
9.857374363783473203e-01
5.623657160236395641e-02
2.122960784671046042e-01
6.689058141383742440e-01
8.858833038010118788e-01
4.043763033904638760e-01
9.634244345869095172e-01
1.409511737112128793e-01
4.843357613625774438e-01
9.990185265116395819e-01
3.922040792608254972e-03
1.562663355451748837e-02
6.152976751308127101e-02
2.309754208914697737e-01
7.105031033419125785e-01
8.227537739336963085e-01
5.833200056462258809e-01
9.722311066364515142e-01
1.079911276996494279e-01
3.853161761512297612e-01
9.473904821896969031e-01
1.993670257842820037e-01
6.384792592568457881e-01
9.232939790227011612e-01
2.832888292925161422e-01
8.121450739623671256e-01
6.102618112041133802e-01
9.513693319599538789e-01
1.850629046640998310e-01
6.032585039255445869e-01
9.573507254682331880e-01
1.633212556547231908e-01
5.465896924243509591e-01
9.913176022392174991e-01
3.442805491962423747e-02
1.329710558163023082e-01
4.611590165256004847e-01
9.939655120109656128e-01
2.399229177497834778e-02
9.366664684145062370e-02
3.395728244437183352e-01
8.970524853721358882e-01
3.693972954392392705e-01
9.317717342456586227e-01
2.542926780259853747e-01
7.585116477134317137e-01
7.326869119859462653e-01
7.834272039617780070e-01
6.786760802176347029e-01
8.722994334322454746e-01
4.455725274641160749e-01
9.881506009334225515e-01
4.683596323335376815e-02
1.785694231254308095e-01
5.867295370003267063e-01
9.699119496468358026e-01
1.167310383164386067e-01
4.124196120400189791e-01
9.693187025791168976e-01
1.189598216378176532e-01
4.192335298948650646e-01
9.739071092270253915e-01
1.016482072963369038e-01
3.652633969991112561e-01
9.273841912471235682e-01
2.693710122881683988e-01
7.872410801080632625e-01
6.699702475934127266e-01
8.844404597321359196e-01
4.088221316837759023e-01
9.667463853172372223e-01
1.285912471731724960e-01
4.482221532944822284e-01
9.892762183621596206e-01
4.243512858089718703e-02
1.625375537728796504e-01
5.444763895456316005e-01
9.920874030919408781e-01
3.139995087291878179e-02
1.216559758323882690e-01
4.274231975066304923e-01
9.789304309593537257e-01
8.250256920435085350e-02
3.027835811161286306e-01
8.444227364904856037e-01
5.254919143536220805e-01
9.974006492103504318e-01
1.037037666048766515e-02
4.105132779362911238e-02
1.574644651200365064e-01
5.306776293779892351e-01
9.962355322229868859e-01
1.500118623747577658e-02
5.910460259577737102e-02
2.224449941910904005e-01
6.918528750016645912e-01
8.527698974143826938e-01
5.022135979129835892e-01
9.999803999371185137e-01
7.839871487608537470e-05
3.135702740703645965e-04
1.253887791014336034e-03
5.009262225687524661e-03
1.993667807056729788e-02
7.815682775231143353e-02
2.881933521120277897e-01
8.205517756418422293e-01
5.889862365314482151e-01
9.683257988318766385e-01
1.226837845939384580e-01
4.305298943665862854e-01
9.806956176931294067e-01
7.572689252248310243e-02
2.799693210854855563e-01
8.063460013456713593e-01
6.246085098380717016e-01
9.378908771037407499e-01
2.330063189972664539e-01
7.148574972184422727e-01
8.153450235561082726e-01
6.022300644735900654e-01
9.581960556709024912e-01
1.602254982705088870e-01
5.382131518979041962e-01
9.941590200881108563e-01
2.322745146223220356e-02
9.075174784320740040e-02
3.300634724264411846e-01
8.844863063849642826e-01
4.086811208097895221e-01
9.666434492137748746e-01
1.289755652234844396e-01
4.493634751950686401e-01
9.897437694227183558e-01
4.060416124650911146e-02
1.558218533439063858e-01
5.261656134575060095e-01
9.972614426895695106e-01
1.092423045715190839e-02
4.321956658428376813e-02
1.654065425942017331e-01
5.521888730449370231e-01
9.891052861211977465e-01
4.310407635320515074e-02
1.649844598197688361e-01
5.510583513509916820e-01
9.895721790292747455e-01
4.127632608211102838e-02
1.582903639490970682e-01
5.329380985198377552e-01
9.956603266635898342e-01
1.728336228697366708e-02
6.793859070012353563e-02
2.532917543752185030e-01
7.565401661629699293e-01
7.367485725803031293e-01
7.758004535247557953e-01
6.957364393421561211e-01
8.467489852546177254e-01
5.190605648995716415e-01
9.985467794628368754e-01
5.804434748933967603e-03
2.308297314471734196e-02
9.020059798207040458e-02
3.282578004229892987e-01
8.820184675378009986e-01
4.162475618402803335e-01
9.719421164092093557e-01
1.090825550367851421e-01
3.887342048937275640e-01
9.504796913574760087e-01
1.882721906978926107e-01
6.113030916308358487e-01
9.504464871736710840e-01
1.883918487715990908e-01
6.116014403520720899e-01
9.501804740453715370e-01
1.893501631531382678e-01
6.139867154680728190e-01
9.480281147872023917e-01
1.970832334409015896e-01
6.329657301495227317e-01
9.292804584232171594e-01
2.628731520638101227e-01
7.750834319513882908e-01
6.973164218633837175e-01
8.442649186521247184e-01
5.259266631417838234e-01
9.973112325533298739e-01
1.072615190515141190e-02
4.244440628183611397e-02
1.625715146288741753e-01
5.445680690405916291e-01
9.920547488879721820e-01
3.152849638717855618e-02
1.221378012109688993e-01
4.288806349052750044e-01
9.797681436340929251e-01
7.929011341558551973e-02
2.920127653205163987e-01
8.269652408415255618e-01
5.723749251257727044e-01
9.790474808521552053e-01
8.205404435681597219e-02
3.012847126460225788e-01
8.420489382873047601e-01
5.320100952661103166e-01
9.959014152042181545e-01
1.632714559381452657e-02
6.424227964229163590e-02
2.404608365946129533e-01
7.305576906353272726e-01
7.873726051556189098e-01
6.696679432242910179e-01
8.848511561681550175e-01
4.075583503841374577e-01
9.658181656651924074e-01
1.320537461452614414e-01
4.584622170970571453e-01
9.930984503660319485e-01
2.741567298647170844e-02
1.066562154446822064e-01
3.811226686067989422e-01
9.434727203233241877e-01
2.133277853161227311e-01
6.712761653129639683e-01
8.826579007827449752e-01
4.142917238741716246e-01
9.706163656141549856e-01
1.140809456644960029e-01
4.042659340031612425e-01
9.633399544308516305e-01
1.412643465120653474e-01
4.852349236663379140e-01
9.991279700834445610e-01
3.485077921520285480e-03
1.389172861360486906e-02
5.479499395892328123e-02
2.071700103838593765e-01
6.570023887256438710e-01
9.014009997377672168e-01
3.555089496380839931e-01
9.164893454612410562e-01
3.061465004690679947e-01
8.496832828784437464e-01
5.108864067014171617e-01
9.995259445965253287e-01
1.895322699796431155e-03
7.566921806640270094e-03
3.003865400404984523e-02
1.165453330786993119e-01
4.118500736650974048e-01
9.689183619486050336e-01
1.204622793097481770e-01
4.238044742929935604e-01
9.767769674489316101e-01
9.073489324080162566e-02
3.300082895575278119e-01
8.844112735233707889e-01
4.089118911525608246e-01
9.668118257063882393e-01
1.283468775226744296e-01
4.474958262114162033e-01
9.889732469391128156e-01
4.362065511128560003e-02
1.668715742357914922e-01
5.561018077914409163e-01
9.874103486501288884e-01
4.972460811503919692e-02
1.890082858513799091e-01
6.131366149236118224e-01
9.488004254545054916e-01
1.943127124474194334e-01
6.262211289149837157e-01
9.362729064617082431e-01
2.386638043498142681e-01
7.268135713723513636e-01
7.942224153652770458e-01
6.537326811864895282e-01
9.054650509408527226e-01
3.423923698621268441e-01
9.006393396892935499e-01
3.579524779733074258e-01
9.192900059443050997e-01
2.967835636608983640e-01
8.348123200065433736e-01
5.516028414873439534e-01
9.893485870017282302e-01
4.215184159764806537e-02
1.615002553902994131e-01
5.416716915966699464e-01
9.930538804778881179e-01
2.759148378278567307e-02
1.073207752217997940e-01
3.832121057103668460e-01
9.454423509895739652e-01
2.063244477795247722e-01
6.550186801119957103e-01
9.038768352653390181e-01
3.475340077442168329e-01
9.070164848218378317e-01
3.373503243330986390e-01
8.941803320218071338e-01
3.784874633887115314e-01
9.409388137851610878e-01
2.222918499909401491e-01
6.915127336741820896e-01
8.532914913625672115e-01
5.007404885232523695e-01
9.999978067069876797e-01
8.773152807144234184e-06
3.509230335573623071e-05
1.403642875439256815e-04
5.613783416428318272e-04
2.244252784001464843e-03
8.956864453771865714e-03
3.550655613171449509e-02
1.369833624135196048e-01
4.728756833416237759e-01
9.970570857832645739e-01
1.173701389059345068e-02
4.639702558210186817e-02
1.769773663969426147e-01
5.826255127205797191e-01
9.726920985906453154e-01
1.062487197198866001e-01
3.798397171110863280e-01
9.422460256642249954e-01
2.176738111367905737e-01
6.811676923279015305e-01
8.687130690263312749e-01
4.562026909167354871e-01
9.923271828682599383e-01
3.045578003601175088e-02
1.181129019936392743e-01
4.166489775051209210e-01
9.722104281962326011e-01
1.080692460109226177e-01
3.855611363102132150e-01
9.476149859095617245e-01
1.985632975567314384e-01
6.365436576805134639e-01
9.254233181889069959e-01
2.760600013645599926e-01
7.994035080446365571e-01
6.414301574822610652e-01
9.199900422181713777e-01
2.944334577503144867e-01
8.309695868300330801e-01
5.618365303742287598e-01
9.847049740451083721e-01
6.024435254372327575e-02
2.264598821212434332e-01
7.007032156435037962e-01
8.388728769214288672e-01
5.406606931479764899e-01
9.933868321309043958e-01
2.627773551932306370e-02
1.023488645411982784e-01
3.674942978733028998e-01
9.297689556156440993e-01
2.611945791561541275e-01
7.718878839023747274e-01
7.043079143483551574e-01
8.330331045385006572e-01
5.563558051257924131e-01
9.872960929144948272e-01
5.017007132107209610e-02
1.906121410588425547e-01
6.171166109592257643e-01
9.451347977497014385e-01
2.074200473293295877e-01
6.575878851809130454e-01
9.006642337768294704e-01
3.578726870881045463e-01
9.191993076977765798e-01
2.970877617028193085e-01
8.353064941969126078e-01
5.502782197975032430e-01
9.898884024559757577e-01
4.003741255652770031e-02
1.537376726092243850e-01
5.204096025196933706e-01
9.983337924999524660e-01
6.653725010457277496e-03
2.643781181576997097e-02
1.029554156886556132e-01
3.694223922761269430e-01
9.317979534444412737e-01
2.542021096047685225e-01
7.583335883090150942e-01
7.330550286055531606e-01
7.827414145666592438e-01
6.802291699553780768e-01
8.700697851887817524e-01
4.521934163613157143e-01
9.908581222431899205e-01
3.623321531155847958e-02
1.396814776789788992e-01
4.806822498895833018e-01
9.985072981226860156e-01
5.961894873677791272e-03
2.370540273277202403e-02
9.257382645619643968e-02
3.360156524458178806e-01
8.924365350289168441e-01
3.839742638979908862e-01
9.461521142479478730e-01
2.037931638083442798e-01
6.490460407733185111e-01
9.111411109191931423e-01
3.238519476485268722e-01
8.758874546111307113e-01
4.348344858638605870e-01
9.830138230694903667e-01
6.679058689518022063e-02
2.493184175895103993e-01
7.486349769606915894e-01
7.527225929270254801e-01
7.445251640969638984e-01
7.608297764934115470e-01
7.278713107775879321e-01
7.922986628980157597e-01
6.582459666721285352e-01
8.998328561280143356e-01
3.605347486420583669e-01
9.221977746546646815e-01
2.869961563065959176e-01
8.185174502873435731e-01
5.941865354497984919e-01
9.645155861598554425e-01
1.369010808582636629e-01
4.726366996724112313e-01
9.970049991807288237e-01
1.194412315745496493e-02
4.720584431781805340e-02
1.799098103202399213e-01
5.901690818831009100e-01
9.674781466894345483e-01
1.258567294712460705e-01
4.400672524721906398e-01
9.856322630950713481e-01
5.664522016463761217e-02
2.137461567885493852e-01
6.722349489866970007e-01
8.813404893901994885e-01
4.183177246065726274e-01
9.733120235462092706e-01
1.039029134663705667e-01
3.724283921582818846e-01
9.349019394907156499e-01
2.434412121088556091e-01
7.367103534233071516e-01
7.758728343288521234e-01
6.955767171174628283e-01
8.469989908862236572e-01
5.183668012957698412e-01
9.986506424406468296e-01
5.390147174120746981e-03
2.144437395024826123e-02
8.393805110452069729e-02
3.075698187251822979e-01
8.518825013381632338e-01
5.047148210079902553e-01
9.999110818514505006e-01
3.556409684494318173e-04
1.422057951803968765e-03
5.680142811942719659e-03
2.259151515831462134e-02
8.832455440466505103e-02
3.220933099755296514e-01
8.733968385781480936e-01
4.422992037593776460e-01
9.866824724527928359e-01
5.256068402894616826e-02
1.991922340934217939e-01
6.380587518811730030e-01
9.237591241160508782e-01
2.817128189135895688e-01
8.094028262933946616e-01
6.170795643266377972e-01
9.451695024683387514e-01
2.072964562883669593e-01
6.572985419946084651e-01
9.010286747454815393e-01
3.567040081275311136e-01
9.178650348531413039e-01
3.015552505887320045e-01
8.424787257243961935e-01
5.308332897047751686e-01
9.961972329839255957e-01
1.515322391638344347e-02
5.969441488529355494e-02
2.245239668671839828e-01
6.964518206776305620e-01
8.456267286097763902e-01
5.221686578820159408e-01
9.980342024308405113e-01
7.847732836306301613e-03
3.114458370254504296e-02
1.206983944341608328e-01
4.245211680607062776e-01
9.772117837163194487e-01
8.907565392915499369e-02
3.245647272249936321e-01
8.768898602654364716e-01
4.318161329163990869e-01
9.814038410781034116e-01
7.300136718099262123e-02
2.706886702827940860e-01
7.896652562533075237e-01
6.643761572788227099e-01
8.919219156729909503e-01
3.855888480608518631e-01
9.476403532478286929e-01
1.984724565766365634e-01
6.363245622282867053e-01
9.256624549330639828e-01
2.752458978414291102e-01
7.979423742515786566e-01
6.449213665013289187e-01
9.159911901255499700e-01
3.078053189517141464e-01
8.522448183069907257e-01
5.036943519035003147e-01
9.999454070560523933e-01
2.183598542323114070e-04
8.732486928254841289e-04
3.489944518183850895e-03
1.391105922177539832e-02
5.487016661241462395e-02
2.074377257133619423e-01
6.576292626569197886e-01
9.006120622169431211e-01
3.580399024251523787e-01
9.193893227861589246e-01
2.964503837318679946e-01
8.342702148683849295e-01
5.530536938073751241e-01
9.887412222935731965e-01
4.452807052393627923e-02
1.701812858374065485e-01
5.648784631525338717e-01
9.831631400758612527e-01
6.621352028813470847e-02
2.473171600767499478e-01
7.446055296332847462e-01
7.606725394912809968e-01
7.281993086206661747e-01
7.917003021801998219e-01
6.596437348319204030e-01
8.980555117156618916e-01
3.662072383711302281e-01
9.283979877428817362e-01
2.659006563913989818e-01
7.807899892880885151e-01
6.846279276623805643e-01
8.636501133083790416e-01
4.710343803632123239e-01
9.966439715162277446e-01
1.337906222635345914e-02
5.280025168118728657e-02
