8.000000000000000444e-01
5.759999999999999565e-01
8.792064000000000545e-01
3.823290223165438650e-01
8.501527476396705252e-01
4.586149919534011077e-01
8.938342119923387008e-01
3.416206084717450797e-01
8.096974860209031899e-01
5.547148817483968930e-01
8.892226141749323132e-01
3.546207238133943784e-01
8.239135177996511628e-01
5.222881187519582413e-01
8.982116631449950095e-01
3.291388968070693144e-01
7.949033402965010042e-01
5.869152715750780569e-01
8.728046480413095276e-01
3.996600998356631407e-01
8.637548559660391811e-01
4.236566571400539050e-01
8.790180984034872136e-01
3.828430118973761842e-01
8.505872644993978104e-01
4.575188518949854233e-01
8.935032674004473874e-01
3.425586427626192143e-01
8.107639885125050849e-01
5.523326763976785791e-01
8.901406475318011102e-01
3.520449905164809712e-01
8.211935346074344944e-01
5.286049679749780239e-01
8.970543209057417755e-01
3.324523185002888348e-01
7.989399879266569915e-01
5.782855810262765850e-01
8.779369240921618411e-01
3.857892530679197796e-01
8.530412590267788531e-01
4.513027299292325933e-01
8.914628731955570595e-01
3.483245480741252176e-01
8.171804062190938245e-01
5.378277236784863025e-01
8.948486279566947310e-01
3.387404196025763925e-01
8.063832518281688344e-01
5.620654907971087688e-01
8.861323494676104362e-01
3.632465113006434487e-01
8.326745399827978344e-01
5.015795416100419235e-01
8.999910181738878245e-01
3.240258673687795299e-01
7.885191767208826752e-01
6.003240647914946937e-01
8.637662952853631948e-01
4.236266966917030530e-01
8.790016267504039416e-01
3.828879609139709816e-01
8.506251730840046488e-01
4.574231567993224390e-01
8.934739647230336423e-01
3.426416607064927677e-01
8.108580709972420530e-01
5.521221349051450566e-01
8.902198189905475845e-01
3.518225743211433887e-01
8.209564218690729165e-01
5.291531109396061527e-01
8.969403460411549123e-01
3.327781020650215082e-01
7.993326126636849382e-01
5.774399531853565692e-01
8.784109931423391693e-01
3.844984329685027236e-01
8.519737968477667511e-01
4.540120067972412410e-01
8.923863761322586852e-01
3.457185545728570508e-01
8.143100481488815268e-01
5.443530970775319888e-01
8.929180900066717719e-01
3.442153483638323297e-01
8.126321123325523921e-01
5.481401844185508354e-01
8.916570815189325261e-01
3.477770297858600590e-01
8.165814024210662492e-01
5.391943763079992680e-01
8.944696831169770546e-01
3.398172087657301277e-01
8.076293042126339028e-01
5.593111602827427475e-01
8.873358705572932381e-01
3.598953241666456027e-01
8.293344473146705420e-01
5.095397585229858306e-01
8.996723748263633080e-01
3.249431740823578441e-01
7.896783877187052436e-01
5.979111540792892976e-01
8.654882612647020190e-01
4.191059911597377341e-01
8.764421736015056696e-01
3.898486437630259149e-01
8.563200433889587293e-01
4.429296960454460752e-01
8.882747294635253699e-01
3.572738440560942474e-01
8.266652798741132013e-01
5.158432617291622835e-01
8.990963678080126087e-01
3.265995211288254541e-01
7.917561861380904009e-01
5.935619802605613948e-01
8.684861610590004499e-01
4.111846167888014159e-01
8.716025797381727891e-01
4.028814818349658045e-01
8.660447763459405701e-01
4.176403981554612788e-01
8.755808255424326614e-01
3.921805565455131481e-01
8.581498834073928439e-01
4.382231796549752589e-01
8.862610480850107164e-01
3.628886498361685309e-01
8.323217195625043363e-01
5.024241889452728538e-01
8.999788439086473524e-01
3.240609279318069080e-01
7.885635945112192680e-01
6.002317869219526703e-01
8.638329200055563373e-01
4.234521827528295868e-01
8.789055540288978063e-01
3.831500920537944110e-01
8.508459564466677172e-01
4.568656134420825965e-01
8.933019289065798896e-01
3.431289337861088695e-01
8.114092869057011326e-01
5.508873217039778059e-01
8.906777297632650914e-01
3.505352812812763674e-01
8.195770722899983207e-01
5.323337815195914313e-01
8.962362956615160803e-01
3.347884728015826372e-01
8.017385446107597735e-01
5.722338625062499684e-01
8.812161687867414717e-01
3.768272375600110746e-01
8.453824941344474375e-01
4.705593578836861912e-01
8.968796949304049804e-01
3.329514279070152627e-01
7.995411884221016452e-01
5.769902751792299611e-01
8.786609911001752593e-01
3.838170737485187556e-01
8.514054995315144536e-01
4.554510296364244759e-01
8.928554012623629577e-01
3.443926813163560863e-01
8.128309045395127885e-01
5.476925705939649225e-01
8.918115073565028306e-01
3.473414737308904710e-01
8.161033476864369973e-01
5.402832248931391801e-01
8.941581424519516874e-01
3.407016914597770785e-01
8.086465760264061053e-01
5.570542479858332507e-01
8.882813260323757509e-01
3.572554026763437585e-01
8.266463277656661557e-01
5.158878356059379833e-01
8.990912760471313492e-01
3.266141521790606461e-01
7.917744519914906576e-01
5.935236089942351745e-01
8.685120044184962973e-01
4.111160493580638398e-01
8.715587159458145772e-01
4.029988341769109028e-01
8.661267857842617213e-01
4.174242362326271993e-01
8.754524756576461675e-01
3.925275786811605605e-01
8.584188431611170511e-01
4.375293583213676896e-01
8.859507081417357099e-01
3.637513831856138968e-01
8.331707318981997901e-01
5.003901482631043507e-01
8.999994520235981010e-01
3.240015781709564835e-01
7.884883998492698831e-01
6.003879953486680465e-01
8.637201014035529312e-01
4.237476762059610436e-01
8.790680992176324038e-01
3.827065541599122822e-01
8.504720912266502397e-01
4.578095277763867821e-01
8.935918705927747840e-01
3.423075818518095392e-01
8.104791645308745407e-01
5.529696782119565279e-01
8.898991674844384248e-01
3.527231011017906148e-01
8.219142541833357463e-01
5.269363666329121010e-01
8.973879557494224279e-01
3.314981254510622755e-01
7.977856257845785670e-01
5.807653958739129596e-01
8.765170229855885342e-01
3.896457530474513042e-01
8.561589846463292242e-01
4.433427995605049854e-01
8.884438618980918800e-01
3.568009181533060570e-01
8.261784826497499123e-01
5.169873508427044184e-01
8.989611476808487822e-01
3.269880095082478566e-01
7.922406641258947779e-01
5.925434192325214067e-01
8.691685760043137421e-01
4.093724249674100535e-01
8.704319135173642641e-01
4.060087108123102695e-01
8.681962952046099469e-01
4.119533575113590307e-01
8.720920394873189485e-01
4.015710509406029138e-01
8.651222711534253262e-01
4.200686175879523865e-01
8.769995067805163025e-01
3.883369387940908135e-01
8.551128987436514839e-01
4.460213849251720153e-01
8.895107128125728790e-01
3.538130565752689582e-01
8.230657592596841710e-01
5.242626546982697144e-01
8.978807649131730351e-01
3.300872288835900448e-01
7.960667407615529267e-01
5.844401460533931170e-01
8.743315022441339179e-01
3.955533351395398856e-01
8.607272191182961940e-01
4.315531441938506574e-01
8.831341005489078411e-01
3.715497395876857234e-01
8.406019101600312737e-01
4.823652196632167155e-01
8.988804522809044073e-01
3.272197852374520988e-01
7.925291905917881685e-01
5.919360215461678676e-01
8.695719645921452523e-01
4.082996267550076941e-01
8.697277495682248505e-01
4.078850083171776664e-01
8.694533819061849300e-01
4.086151149530976023e-01
8.699356900258718994e-01
4.073313068822952965e-01
8.690850479370840764e-01
4.095944186014092714e-01
8.705765910671379171e-01
4.056227645510132596e-01
8.679345747444234815e-01
4.126469353475049062e-01
8.725299915449413746e-01
4.003970594382932902e-01
8.642853152332600208e-01
4.222663527794557892e-01
8.782469283232511303e-01
3.849453403704911625e-01
8.523447310711362856e-01
4.530714857510711457e-01
8.920717723813971212e-01
3.466070110861557696e-01
8.152941274274780881e-01
5.421226075550827916e-01
8.936124693579376999e-01
3.422492062774076249e-01
8.104128734876117068e-01
5.531178527033903114e-01
8.898425774070513050e-01
3.528819534262579993e-01
8.220826093403746926e-01
5.265460539377840865e-01
8.974631052731960601e-01
3.312830878077177577e-01
7.975245727450862576e-01
5.813248630062739508e-01
8.761905599652387577e-01
3.905303853349443854e-01
8.568590524743031622e-01
4.415458200017131629e-01
8.876991918266203818e-01
3.588816119651475067e-01
8.283081620104014720e-01
5.119695027264671294e-01
8.994842316161320017e-01
3.254844552842469652e-01
7.903595687492305233e-01
5.964887550087391022e-01
8.664837125647086857e-01
4.164828783292367498e-01
8.748896053961914276e-01
3.940480215571964262e-01
8.595870417506005223e-01
4.345097738581867874e-01
8.845597090076190439e-01
3.676097887487113636e-01
8.369021950734211179e-01
4.913888794369578039e-01
8.997330549695354840e-01
3.247685451530004097e-01
7.894581740359342126e-01
5.983702757416181628e-01
8.651638398618649584e-01
4.199593322064177348e-01
8.769365693969667364e-01
3.885077615444844645e-01
8.552501307510423922e-01
4.456704405649222767e-01
8.893738762977252410e-01
3.541967440447815196e-01
8.234690779902854585e-01
5.233239201028127008e-01
8.980415811037353313e-01
3.296264389647785564e-01
7.955022589206397488e-01
5.856422939020771157e-01
8.735954309826849951e-01
3.975352342159026997e-01
8.622034983821164067e-01
4.277110527351223324e-01
8.811875091720086095e-01
3.769058982644634681e-01
8.454522316245168811e-01
4.703859203963080549e-01
8.968428226412142878e-01
3.330567868253535013e-01
7.996678688697281823e-01
5.767170061214714760e-01
8.788122034983292252e-01
3.834047321306654488e-01
8.510599566377211600e-01
4.563248646438768374e-01
8.931329371858475197e-01
3.436073773186624769e-01
8.119488512550699921e-01
5.496764911223119832e-01
8.911160864271895354e-01
3.493015449763651192e-01
8.182439123525622193e-01
5.353949241019249072e-01
8.954899176521483595e-01
3.369158101277888728e-01
8.042527692494085834e-01
5.667489086546381172e-01
8.839604994962931839e-01
3.692676053756053234e-01
8.384725475847776277e-01
4.875708043132935821e-01
8.994438543404935649e-01
3.256005860265980267e-01
7.905054398606422561e-01
5.961837218809491468e-01
8.666952899224616980e-01
4.159244316552543896e-01
8.745526757070288815e-01
3.949570552345389451e-01
8.602775271180010952e-01
4.327203724334567903e-01
8.837044261722262206e-01
3.699752880090333429e-01
8.391368673779981968e-01
4.859502666661370540e-01
8.992893779756904182e-01
3.260447734888304305e-01
7.910624850100116401e-01
5.950174673512683698e-01
8.674980512333423377e-01
4.138026564229045356e-01
8.732520646569078560e-01
3.984584264256797459e-01
8.628815118097833414e-01
4.259412301919258681e-01
8.802550750122528633e-01
3.794618805387334204e-01
8.476940223242691586e-01
4.647919206238942391e-01
8.955374081279250387e-01
3.367805715771957642e-01
8.040939054671991659e-01
5.670968279677420787e-01
8.837928564360019168e-01
3.697309560552999308e-01
8.389079142830417890e-01
4.865091322907462712e-01
8.993447873584252683e-01
3.258854669147547845e-01
7.908628657266253414e-01
5.954356560286624411e-01
8.672113280101637622e-01
4.145610260916429146e-01
8.737206542549534882e-01
3.971983412996982765e-01
8.619545482864801045e-01
4.283600579090285354e-01
8.815237873099280863e-01
3.759825589800795398e-01
8.446308275623338746e-01
4.724265336973232365e-01
8.972629342417984821e-01
3.318557798793473901e-01
7.982190764640630931e-01
5.798353767585167073e-01
8.770547254241725099e-01
3.881870425270867453e-01
8.549923051481777003e-01
4.463296678280991303e-01
8.896301836004081309e-01
3.534779520990440904e-01
8.227126421240760212e-01
5.250835822078728787e-01
8.977349300530352849e-01
3.305049314965456952e-01
7.965771183108335540e-01
5.833512464199905878e-01
8.749892509928424156e-01
3.937790219033773242e-01
8.593815737239085539e-01
4.350415840838167680e-01
8.848094551259765295e-01
3.669180596843366060e-01
8.362411097825455109e-01
4.929908979319278517e-01
8.998231409575176976e-01
3.245092414375137513e-01
7.891307771729874077e-01
5.990522172888395058e-01
8.646791697005923316e-01
4.212327714713517413e-01
8.776646053556965699e-01
3.865300051014934346e-01
8.536484169278383272e-01
4.497580699359618461e-01
8.909126944683852800e-01
3.498741550924807098e-01
8.188640304868926023e-01
5.339726282219545705e-01
8.958450979140943904e-01
3.359039704465717202e-01
8.030609751052814049e-01
5.693545633256497096e-01
8.826838003652704989e-01
3.727911921767776415e-01
8.417445091639000898e-01
4.795584856427700382e-01
8.984957201668194449e-01
3.283241796314205208e-01
7.938986857227908756e-01
5.890448251094984045e-01
8.714556688363879200e-01
4.032744699215221607e-01
8.663190185917349906e-01
4.169173558247572520e-01
8.751501872526600279e-01
3.933444132154588213e-01
8.590485089075226011e-01
4.359030057046247575e-01
8.852096711602751578e-01
3.658086332805336460e-01
8.351736375526620515e-01
4.955710776829802544e-01
8.999293847295952720e-01
3.242033540273065451e-01
7.887439413531053267e-01
5.998569707947480900e-01
8.641029073813086825e-01
4.227446622113213426e-01
8.785138060193657950e-01
3.842182751498421367e-01
8.517405318866003716e-01
4.546029536212732869e-01
8.925807894483159810e-01
3.451691655220932020e-01
8.136986857015502395e-01
5.457352845208319758e-01
8.924698214992747847e-01
3.454827811643786384e-01
8.140479446998970525e-01
5.449459983471733882e-01
8.927274860372732546e-01
3.447544381590360030e-01
8.132357359032603705e-01
5.467801455113144860e-01
8.921218247493849507e-01
3.464657083987655040e-01
8.151379966890256457e-01
5.424769549541795799e-01
8.935045498721541080e-01
3.425550092276881675e-01
8.107598695705440228e-01
5.523418924721944512e-01
8.901371746527452222e-01
3.520547458343041280e-01
8.212039263714514536e-01
5.285809356608275333e-01
8.970592684203059219e-01
3.324381745015132505e-01
7.989229246882129098e-01
5.783223063450420032e-01
8.779162187836563325e-01
3.858455936889489402e-01
8.530875774711773607e-01
4.511849854879271260e-01
8.914215396894701327e-01
3.484410417616484179e-01
8.173075758397402302e-01
5.375372483329470263e-01
8.949274379553263659e-01
3.385163475001506383e-01
8.061229079111082996e-01
5.626395549073696101e-01
8.858746301796238676e-01
3.639627712214586475e-01
8.333779405905172855e-01
4.998929354194519004e-01
8.999999587338320950e-01
3.240001188465574389e-01
7.884865506023067683e-01
6.003918364376977790e-01
8.637173250359995169e-01
4.237549468871654734e-01
8.790720907529556705e-01
3.826956600438585765e-01
8.504628905788343962e-01
4.578327443776605832e-01
8.935989211918089481e-01
3.422876012519190381e-01
8.104564774120547321e-01
5.530203922784340254e-01
8.898798168095075622e-01
3.527774224005053583e-01
8.219718455218587572e-01
5.268028704884939462e-01
8.974137820808772981e-01
3.314242289238227279e-01
7.976959538618602075e-01
5.809576285953979013e-01
8.764051045399546824e-01
3.899491101945568583e-01
8.563996859509086512e-01
4.427253498747372729e-01
8.881906120309035479e-01
3.575089754318610535e-01
8.269067085030793463e-01
5.152752141684577847e-01
8.991600041955879474e-01
3.264166477820815704e-01
7.915277513980443214e-01
5.940416525932802339e-01
8.681622032790892174e-01
4.120437314760717062e-01
8.721493013784479276e-01
4.014176309407193055e-01
8.650134594383751541e-01
4.203546279437867517e-01
8.771638129560985764e-01
3.878908495071015095e-01
8.547535381527382459e-01
4.469397378052092917e-01
8.898645908729521103e-01
3.528201628204764018e-01
8.220171439001121572e-01
5.266978525238920072e-01
8.974340088142050975e-01
3.313663510963332226e-01
7.976256928467655438e-01
5.811082090469380512e-01
8.763172503307136152e-01
3.901871775727116520e-01
8.565881185099901707e-01
4.422416894550187383e-01
8.879903192267623036e-01
3.580686438707342822e-01
8.274797645303071381e-01
5.139252137634285900e-01
8.993019183179141729e-01
3.260087208994816854e-01
7.910173252690758661e-01
5.951120990156384405e-01
8.674332790350218758e-01
4.139740276472583247e-01
8.733583154907552659e-01
3.981728457140603639e-01
8.626724303400988836e-01
4.264873497763420618e-01
8.805452049255387825e-01
3.786672492294468895e-01
8.470021089256229985e-01
4.665223310442122573e-01
8.959652844526320159e-01
3.355613766300463707e-01
8.026557809191003923e-01
5.702381217944981762e-01
8.822397824884123940e-01
3.740138952595602473e-01
8.428590050843914883e-01
4.768117294771483938e-01
8.980642947965726819e-01
3.295613419491862373e-01
7.954223898306159724e-01
5.858122017123632563e-01
8.734905577341960381e-01
3.978172918202370623e-01
8.624112989365778636e-01
4.271689814511686611e-01
8.809043138537032691e-01
3.776828532755022727e-01
8.461386562218395913e-01
4.686769104081809356e-01
8.964679106103223827e-01
3.341275050826275073e-01
8.009507355475903312e-01
5.739431571841117075e-01
8.803166742203247797e-01
3.792932183159688497e-01
8.475475422797411618e-01
4.651585410791215236e-01
8.956298618649531917e-01
3.365172446425850339e-01
8.037841993226914061e-01
5.677745768707367358e-01
8.834637842279733366e-01
3.706398942680242947e-01
8.397574669620434529e-01
4.844335091167294438e-01
8.991276637016917261e-01
3.265095890449053462e-01
7.916438783038765026e-01
5.937978536923452788e-01
8.683270655137538263e-01
4.116066221160968874e-01
8.718717986865845981e-01
4.021609152297754841e-01
8.655390485687692870e-01
4.189723342971801712e-01
8.763642626067075225e-01
3.900597905970334955e-01
8.564873412831547350e-01
4.425003918175232642e-01
8.880976622119021169e-01
3.577687365083627724e-01
8.271729636680608122e-01
5.146482666407680151e-01
8.992275418239153995e-01
3.262225314572420043e-01
7.912850091367347183e-01
5.945509564279646275e-01
8.678164198988056466e-01
4.129598925101717333e-01
8.727264708773728730e-01
3.998699204662760631e-01
8.639062818212523975e-01
4.232599849837124784e-01
8.787994923430799687e-01
3.834394005622496771e-01
8.510890559713644166e-01
4.562513091976900803e-01
8.931097873911020280e-01
3.436729022063612082e-01
8.120226185835052179e-01
5.495107877722527068e-01
8.911752548190153833e-01
3.491349120622021518e-01
8.180630108694738611e-01
5.358093160199217664e-01
8.953836943902673262e-01
3.372182431570933114e-01
8.046075587008925112e-01
5.659712466562163424e-01
8.843320606126487959e-01
3.682399218668469532e-01
8.375014145172434699e-01
4.899340627158952910e-01
8.996352368637329233e-01
3.250500388447251088e-01
7.898130399303641136e-01
5.976302467907562699e-01
8.656860056816737536e-01
4.185854828948983308e-01
8.761380350563553465e-01
3.906726429021983860e-01
8.569711043640351189e-01
4.412578703368361666e-01
8.875777039294898696e-01
3.592206843002809236e-01
8.286522633760277090e-01
5.111556832001308281e-01
8.995519826364180016e-01
3.252895674167071149e-01
7.901145530876111378e-01
5.970007659123923727e-01
8.661270650846734087e-01
4.174234999649399924e-01
8.754520379110549699e-01
3.925287620223686380e-01
8.584197588271992307e-01
4.375269953361084485e-01
8.859496452777553266e-01
3.637543367159094543e-01
8.331736292506014552e-01
5.003831979791379947e-01
8.999994713735116614e-01
3.240015224432803986e-01
7.884883292317808046e-01
6.003881420294003846e-01
8.637199953835857924e-01
4.237479538493915676e-01
8.790682516482437592e-01
3.827061381324374789e-01
8.504717398854954036e-01
4.578104143498811229e-01
8.935921399056165892e-01
3.423068186562631121e-01
8.104782980076887799e-01
5.529716152784956984e-01
8.898984287092333023e-01
3.527251750442553235e-01
8.219164533633173120e-01
5.269312693943393189e-01
8.973889442237142910e-01
3.314952972315421409e-01
7.977821945216891919e-01
5.807727526530487294e-01
8.765127447438579855e-01
3.896573509636072075e-01
8.561681992930733065e-01
4.433191697243866192e-01
8.884342205253616953e-01
3.568278827694768562e-01
8.262062814518257303e-01
5.169220629889401675e-01
8.989691176231140446e-01
3.269651154589216513e-01
7.922121434346804936e-01
5.926034276255149891e-01
8.691285786912217315e-01
4.094787326162346863e-01
8.705012405444527701e-01
4.058237907180776149e-01
8.680710297790352747e-01
4.122853813346419316e-01
8.723021244206070612e-01
4.010080613468501864e-01
8.647221458940876904e-01
4.211199226598825174e-01
8.776005602357416224e-01
3.867041408747546316e-01
8.537905738982611847e-01
4.493960273546603879e-01
8.907812566290348455e-01
3.502440340827566723e-01
8.192633424198965120e-01
5.330553054727533713e-01
8.960664484083706860e-01
3.352729264026459988e-01
8.023139684065869748e-01
5.709825522225400185e-01
8.818613182079078072e-01
3.750549611634683700e-01
8.437994541724953557e-01
4.744869671184994142e-01
8.976567065514747812e-01
3.307289174446833568e-01
7.968502821979842610e-01
5.827676758523175904e-01
8.753382426024205465e-01
3.928363331044554263e-01
8.586574145910027545e-01
4.369134922520311881e-01
8.856723331445955916e-01
3.645246652084946359e-01
8.339271611872665080e-01
4.985735436770880047e-01
8.999926748004919430e-01
3.240210963814124656e-01
7.885131317323196276e-01
6.003366221448330764e-01
8.637572241236340931e-01
4.236504548323256625e-01
8.790146890296813842e-01
3.828523157990421089e-01
8.505951123108694834e-01
4.574990420054237394e-01
8.934972068503558296e-01
3.425758135234858170e-01
8.107834518439477334e-01
5.522891258158583172e-01
8.901570503570880311e-01
3.519989138039640308e-01
8.211444425452566476e-01
5.287184892802668790e-01
8.970308941444531392e-01
3.325192887414817888e-01
7.990207608828270303e-01
5.781117044197986443e-01
8.780348218774824964e-01
3.855228244130162740e-01
8.528219145706569249e-01
4.518601077553058287e-01
8.916571827888092328e-01
3.477767442117598029e-01
8.165810894300207234e-01
5.391950897350843430e-01
8.944694817863712011e-01
3.398177805810903562e-01
8.076299636953162553e-01
5.593096995725461706e-01
8.873364943318116094e-01
3.598935845714729131e-01
8.293326924807683520e-01
5.095439195881236172e-01
8.996720889560235745e-01
3.249439967143021302e-01
7.896794245690957892e-01
5.979089915327432392e-01
8.654897857573484732e-01
4.191019794253710296e-01
8.764398369615850060e-01
3.898549769340071136e-01
8.563250660176507933e-01
4.429168103790604993e-01
8.882694340657195653e-01
3.572886476530290345e-01
8.266804916806753667e-01
5.158074828789799282e-01
8.991004445461107109e-01
3.265878065871485325e-01
7.917415602326776103e-01
5.935927033188106439e-01
8.684654611877176134e-01
4.112395340822012635e-01
8.716376868841990699e-01
4.027875468745032439e-01
8.659790602463631748e-01
4.178135788602799217e-01
8.756834118488804330e-01
3.919031066217041892e-01
8.579342219110607237e-01
4.387791340257247152e-01
8.865072200496952881e-01
3.622038078580431253e-01
8.316439539522367808e-01
5.040442361049359832e-01
8.999411189555791557e-01
3.241695649268134249e-01
7.887011691671060865e-01
5.999458857175655746e-01
8.640389517412727649e-01
4.229123098144150217e-01
8.786069568786646355e-01
3.839643799310771266e-01
8.515286455507941055e-01
4.551394008860069618e-01
8.927550959296808308e-01
3.446763646365619826e-01
8.131484458709485885e-01
5.469769830549945366e-01
8.920553870269828378e-01
3.466532646112416849e-01
8.153452034841965901e-01
5.420066495022383135e-01
8.936475890313460013e-01
3.421496723393107064e-01
8.102997866066868893e-01
5.533705527546405323e-01
8.897457027551908260e-01
3.531538338619047979e-01
8.223703325659547092e-01
5.258785272527367605e-01
8.975890865780257188e-01
3.309225056425841860e-01
7.970860832465449519e-01
5.822634929084171684e-01
8.756377838442245265e-01
3.920265192549587385e-01
8.580302188408805986e-01
4.385317046283041531e-01
8.863979351907527171e-01
3.625078884491623188e-01
8.319453093406511401e-01
5.033243217842618966e-01
8.999602159848287819e-01
3.241145722657288175e-01
7.886315387186370041e-01
6.000906054848830218e-01
8.639347344972101439e-01
4.231854324952025737e-01
8.787582799885833573e-01
3.835517952243236439e-01
8.511833361762797256e-01
4.560129518115531577e-01
8.930345025300020501e-01
3.438859673555776930e-01
8.122622717213865418e-01
5.489721851738362801e-01
8.913662102854782443e-01
3.485969620084181653e-01
8.174776323129107070e-01
5.371486307315578301e-01
8.950319252451732766e-01
3.382192009335305838e-01
8.057771029922927708e-01
5.634013078283068854e-01
8.855289869963770544e-01
3.649226406679704215e-01
8.343147851851888674e-01
4.976410478636917323e-01
8.999799672413471008e-01
3.240576929001992568e-01
7.885594964606378321e-01
6.002403012085792966e-01
8.638267752490079721e-01
4.234682794028682418e-01
8.789144246727932375e-01
3.831258915895899841e-01
8.508255940197783085e-01
4.569170492904108816e-01
8.933178936893584332e-01
3.430837242135595377e-01
8.113582166159295506e-01
5.510018194046923945e-01
8.906357319026800834e-01
3.506534098590868287e-01
8.197041456478155741e-01
5.320413333201612360e-01
8.963040706526387291e-01
3.345951009029340395e-01
8.015083896768819827e-01
5.727336874360325902e-01
8.809553185630470962e-01
3.775429629306982782e-01
8.460153866599475769e-01
4.689840679004411150e-01
8.965368430415839862e-01
3.339307155982110809e-01
8.007155740017999346e-01
5.744525167899647844e-01
8.800445618771040035e-01
3.800380715555042865e-01
8.481928886059597605e-01
4.635421643672557046e-01
8.952149743955128969e-01
3.376984464487947091e-01
8.051695405735149746e-01
5.647375854221392544e-01
8.849125621213603798e-01
3.666323502762116049e-01
8.359670520257503901e-01
4.936541038312562413e-01
8.998550265665357095e-01
3.244174478261100947e-01
7.890147625395714792e-01
5.992936813231023452e-01
8.645067534575023860e-01
4.216853760619376779e-01
8.779205508387835089e-01
3.858338061133576025e-01
8.530778886243752801e-01
4.512096164323917136e-01
8.914301944967722990e-01
3.484166502103884788e-01
8.172809570396170065e-01
5.375980594800889856e-01
8.949109893239941549e-01
3.385631178401190544e-01
8.061772790825881829e-01
5.625197055848984995e-01
8.859286310888794258e-01
3.638127301411089864e-01
8.332308991021738498e-01
5.002458043808045707e-01
