7.08745
7.08712
7.08745
7.08661
7.08661
7.08661
7.08661
7.08545
7.08494
7.08494
7.08494
7.08326
7.08326
7.0821
7.08158
6.38325
7.06942
6.35758
6.32588
6.36726
6.35517
6.36276
6.35236
6.36449
6.37135
6.34887
6.3541
6.37476
6.37476
6.28235
6.15369
6.24992
6.34469
6.29633
3.89597
6.36832
6.35905
6.36122
6.36898
6.37647
6.37647
6.37516
6.34861
6.34139
6.36792
6.38662
6.38156
6.2445
6.32294
6.35971
3.98965
6.37647
6.38494
6.37135
6.37345
6.35995
6.37817
6.35906
6.38662
6.37581
6.37411
6.37817
6.38325
6.33727
6.35969
6.24678
6.38494
6.37817
3.89973
6.3826
6.36058
6.37986
6.34372
6.37476
6.37921
6.36832
6.38429
6.38156
6.3883
6.37004
6.38156
6.36269
6.3809
6.35296
6.38156
6.3826
6.38429
6.38998
6.35051
6.37751
6.37581
6.37647
6.38156
6.37856
6.39166
6.37411
6.35759
6.38429
6.38998
6.37345
6.37921
6.38662
6.36506
6.38429
6.39166
6.38662
6.36661
6.38156
6.38662
6.37856
6.38998
6.35906
6.3764
6.38998
6.36767
6.38494
6.36642
6.38494
6.3883
6.37986
6.3883
6.10435
6.37751
6.38662
6.3883
3.90157
3.91641
6.38494
6.37659
6.37937
6.38662
6.37533
6.38494
6.38998
6.37345
6.38494
6.3883
6.38325
6.3711
3.88073
6.38662
6.38934
6.37427
6.3883
6.38662
6.38662
6.38662
6.3883
6.37817
6.38662
6.33741
6.36622
6.38429
6.38429
6.37598
6.38662
6.38494
6.38156
6.3883
6.36238
6.38494
6.37898
6.37558
6.38998
6.39166
6.38998
6.38429
6.38494
6.38662
2.77775
6.38998
6.33895
6.38998
6.3883
6.37533
6.38662
6.39166
6.39166
6.38325
6.34413
6.38998
6.38998
6.38662
6.39166
6.37768
6.36043
6.38325
6.38597
6.3883
6.3883
6.3883
3.91522
6.38662
6.38662
6.38195
6.38998
6.38026
6.38998
6.38662
3.87718
6.3883
6.38998
6.39166
6.38934
6.39101
6.3883
6.38364
6.37921
6.3826
6.38325
6.38934
6.38998
6.3883
6.23168
6.38597
6.38998
3.88258
6.38276
6.38597
6.38998
6.38662
6.39166
6.38597
6.38998
6.39166
6.39166
6.38998
6.38766
6.38998
6.39333
6.3883
6.3883
6.38276
6.3883
6.3458
6.38998
6.39269
6.3764
6.36533
6.38597
6.3883
6.39166
6.38662
6.38597
6.39166
6.38662
6.37751
6.38998
