0
93
120
165
198
215
224
701
723
805
1
84
163
176
244
283
322
391
393
420
571
730
836
870
971
2
53
77
141
240
254
312
339
355
423
431
440
452
467
474
509
538
631
679
703
828
922
3
30
131
193
243
251
299
329
331
383
449
483
590
605
617
620
791
793
810
832
882
953
4
26
128
539
628
694
759
772
784
808
849
850
871
892
968
969
981
5
33
46
74
83
209
277
332
350
481
496
511
544
565
567
674
755
881
961
6
27
109
128
135
266
536
729
784
808
874
969
7
58
114
118
206
379
410
447
465
468
570
670
689
753
809
851
862
902
940
947
8
68
112
139
142
175
278
316
347
411
427
450
492
587
651
767
834
974
984
9
19
62
222
321
414
913
936
10
42
43
49
88
98
123
160
164
208
297
335
386
406
407
475
555
583
612
745
750
761
777
779
788
803
853
864
878
11
76
110
138
203
289
356
402
442
443
541
548
574
582
623
661
669
678
728
733
786
886
890
12
446
566
941
13
103
532
664
737
998
14
55
61
149
210
258
296
310
362
409
451
561
581
594
629
778
876
885
911
959
963
985
15
96
177
188
223
293
360
469
501
502
522
524
607
656
672
760
845
889
975
982
16
22
40
73
328
394
519
529
556
684
944
949
17
41
91
110
115
192
229
582
635
683
727
826
931
18
145
249
380
426
466
506
516
519
613
684
685
687
815
863
934
996
9
19
62
267
477
542
688
913
936
20
87
93
108
159
198
215
224
416
489
569
593
667
723
805
933
21
26
142
278
492
494
539
540
587
628
651
694
759
767
772
849
850
871
892
968
981
984
16
22
40
73
328
394
519
529
556
684
944
949
23
92
325
486
490
572
610
811
955
987
24
29
31
104
105
117
179
190
238
241
248
397
408
457
500
568
686
712
754
769
785
802
917
25
497
510
566
941
4
21
26
142
494
539
540
587
628
694
759
767
772
808
849
850
871
892
968
981
984
6
27
109
135
237
266
417
487
507
536
564
675
729
797
874
946
28
48
70
153
161
186
250
285
307
315
346
458
463
491
498
505
523
600
690
691
715
742
818
822
948
24
29
31
105
113
190
201
238
259
291
397
408
479
500
553
601
704
712
713
754
771
785
827
927
3
30
131
193
243
251
299
329
331
383
449
483
590
605
617
620
791
793
810
832
866
882
953
24
29
31
104
105
117
179
238
241
248
396
397
457
500
568
654
686
712
718
754
769
802
841
917
32
66
89
111
143
200
205
227
301
308
330
338
370
438
444
512
521
525
557
560
586
588
637
644
707
766
819
867
888
896
908
956
983
5
33
46
74
83
119
209
239
277
290
332
481
496
544
567
674
755
774
881
961
34
343
549
657
831
35
497
36
124
140
218
282
317
323
384
478
499
503
634
652
671
780
861
919
37
44
94
143
227
246
359
370
376
385
438
441
444
521
531
586
588
632
640
867
888
905
938
952
979
38
71
252
265
860
39
49
95
123
127
160
194
320
357
527
574
580
630
669
751
761
777
823
840
842
854
878
887
16
22
40
73
328
394
519
556
684
944
949
17
41
91
163
176
182
192
279
283
322
391
635
683
727
758
826
836
10
42
43
49
88
123
127
160
164
208
297
335
357
406
407
475
555
583
612
745
750
761
777
779
788
803
853
864
878
10
42
43
49
88
95
123
127
160
164
208
335
357
407
475
527
555
580
612
630
750
751
761
777
779
788
853
878
37
44
66
89
94
143
200
227
246
359
370
376
385
438
441
444
521
531
560
586
588
632
640
867
888
896
952
979
45
47
97
119
132
133
239
306
345
480
484
592
619
638
641
668
762
774
962
5
33
46
74
83
209
277
332
350
481
496
544
565
567
674
755
881
961
45
47
97
132
133
162
309
314
345
432
480
484
638
641
668
717
763
28
48
70
153
213
250
273
307
346
401
422
482
491
505
558
600
676
706
715
818
822
916
948
10
39
42
43
49
88
95
123
127
160
164
208
335
357
475
527
555
580
612
630
750
751
761
777
788
842
853
854
878
50
150
199
219
262
400
554
559
665
846
895
966
51
994
52
366
382
415
710
737
782
898
2
53
77
126
141
240
254
312
355
431
440
467
508
509
538
631
679
703
828
54
195
341
533
622
14
55
61
149
269
296
310
348
362
367
409
455
534
561
581
594
627
739
778
781
880
885
911
959
963
985
56
152
161
285
315
336
381
458
463
498
523
690
691
705
742
893
915
929
57
101
107
168
207
214
247
274
298
353
425
495
576
591
598
615
682
731
776
799
843
928
7
58
114
118
206
379
410
447
465
468
570
670
689
753
809
851
862
902
940
947
59
113
170
187
211
291
373
462
472
595
658
725
771
806
825
891
894
60
102
129
157
167
210
226
258
295
437
451
629
666
699
740
764
14
55
61
81
149
269
296
310
348
362
367
409
455
534
561
594
627
739
778
781
856
880
885
909
959
963
985
9
19
62
267
477
542
688
913
936
63
72
116
185
313
448
608
611
673
914
973
976
64
372
695
775
65
75
134
187
211
253
300
361
375
436
460
526
535
584
625
636
658
663
770
773
813
897
903
930
951
964
32
44
66
89
111
143
200
205
227
246
301
308
330
338
370
438
441
444
512
521
525
557
560
586
588
637
644
707
766
819
867
888
896
956
979
983
67
81
100
269
292
294
348
367
455
473
534
627
739
781
856
880
909
965
980
8
68
112
139
142
175
196
278
316
347
411
427
450
492
587
633
651
767
834
974
984
69
84
85
337
393
420
424
578
606
642
650
660
700
730
734
855
870
900
28
48
70
153
186
213
250
273
307
346
401
482
491
505
523
558
600
676
690
706
715
818
822
916
948
38
71
252
265
63
72
116
185
313
448
608
611
673
973
976
16
22
40
73
328
394
466
519
556
684
944
5
33
46
74
83
119
209
277
290
332
481
496
544
565
567
674
755
774
881
961
65
75
187
211
361
373
375
462
526
535
636
658
663
770
773
825
891
894
930
951
11
76
110
138
203
289
356
402
442
443
541
548
574
582
623
661
669
678
728
733
786
823
886
890
2
53
77
141
240
254
312
339
355
423
431
440
452
467
474
509
538
631
679
703
719
828
922
78
148
178
225
302
528
597
602
603
746
939
988
79
206
319
379
388
410
445
476
504
570
693
720
753
907
947
960
997
80
99
220
233
358
398
403
485
518
537
546
653
655
711
716
743
768
783
798
801
920
965
61
67
81
100
269
292
294
348
367
455
534
627
739
778
781
856
880
909
959
980
985
82
195
305
418
533
622
906
5
33
46
74
83
119
209
239
277
290
332
481
496
544
567
755
774
881
1
69
84
163
244
337
393
420
571
606
642
660
730
734
855
870
971
69
85
337
352
424
578
604
606
642
650
660
696
700
734
855
884
900
950
986
86
134
253
300
318
333
375
399
436
456
460
503
563
584
625
663
749
773
813
897
901
903
945
964
993
20
87
108
159
416
429
489
569
593
667
723
805
868
933
10
42
43
49
88
95
123
127
160
164
208
297
335
357
407
475
527
555
580
612
630
745
750
751
761
777
779
788
853
878
32
44
66
89
94
143
200
205
227
246
301
308
330
338
370
438
441
444
512
521
525
557
560
586
588
637
640
644
707
766
819
867
888
896
956
979
90
171
543
17
41
91
115
182
192
229
279
391
635
683
727
758
826
931
23
92
125
325
486
488
490
610
736
811
955
987
0
20
93
165
198
215
224
416
723
805
37
44
89
94
143
227
246
359
370
376
385
438
441
444
521
531
586
588
632
640
867
888
896
952
979
39
43
49
88
95
123
127
160
164
208
335
357
475
527
555
580
630
751
761
777
840
842
853
854
878
887
15
96
107
177
188
293
360
469
501
522
524
615
656
682
731
760
776
839
845
889
975
982
45
47
97
119
132
133
239
306
345
480
484
592
619
638
641
668
762
962
10
98
106
146
297
386
406
407
422
459
530
583
612
708
745
750
779
788
803
824
864
80
99
100
233
358
398
403
473
485
546
655
716
798
801
920
965
980
67
81
99
100
292
294
358
455
473
546
655
801
856
880
909
965
980
57
101
168
214
247
274
425
495
576
591
598
618
799
843
865
928
938
60
102
129
157
167
210
226
258
295
309
432
437
451
629
666
699
740
763
764
13
103
371
532
664
737
998
24
31
104
105
117
179
238
241
248
396
397
457
500
568
654
686
712
718
754
769
802
841
917
24
29
31
104
105
117
190
201
238
248
259
397
408
479
500
553
568
601
704
712
713
754
785
827
927
98
106
146
213
273
386
401
406
422
459
482
530
583
676
708
824
864
916
57
96
107
168
207
214
247
274
298
353
360
425
495
576
591
598
615
656
682
731
760
776
839
843
928
975
20
87
108
159
416
429
489
569
593
667
723
805
868
933
6
27
109
128
135
237
266
536
729
784
874
969
11
17
76
110
115
138
192
203
229
289
402
442
541
582
678
786
826
931
32
66
111
136
200
205
230
301
308
330
338
374
512
525
557
560
637
644
707
766
819
835
908
956
983
8
68
112
139
142
175
196
278
316
347
411
427
450
471
492
587
633
651
681
820
834
844
873
974
29
59
113
170
190
201
259
291
373
408
462
472
479
553
595
601
704
713
725
771
785
806
827
891
927
7
58
114
118
174
378
447
453
465
468
670
689
809
851
862
902
940
17
91
110
115
138
192
229
289
402
582
635
678
683
786
826
931
63
72
116
185
448
608
611
673
914
976
24
31
104
105
117
179
238
241
248
396
397
417
457
500
568
654
675
686
712
718
754
769
802
841
917
7
58
114
118
206
379
410
465
570
670
689
753
809
851
862
947
997
33
45
74
83
97
119
133
239
277
290
306
592
619
755
762
774
881
962
0
120
165
264
701
817
918
990
121
126
156
204
245
287
405
461
508
514
538
596
609
789
790
830
954
122
202
217
234
363
364
368
511
552
562
741
879
10
39
42
43
49
88
95
123
127
160
164
208
335
357
475
527
555
580
612
630
751
761
777
788
840
842
853
854
878
887
36
124
140
151
218
228
282
317
323
342
384
634
652
671
780
800
859
861
919
92
125
325
429
486
488
610
736
811
868
53
121
126
156
204
245
287
355
431
440
461
508
514
538
596
679
703
828
954
39
42
43
49
88
95
123
127
160
164
208
335
357
475
527
555
580
612
630
751
761
777
840
842
853
854
878
887
4
6
109
128
135
266
539
772
784
808
892
968
969
981
60
102
129
157
167
210
226
258
295
437
451
629
666
699
740
764
130
144
166
174
189
304
378
419
447
453
616
702
804
814
875
940
3
30
131
193
243
251
299
329
331
383
404
590
605
617
791
793
810
832
866
882
953
45
47
97
132
133
162
306
309
314
345
432
480
484
619
638
641
668
717
763
962
45
47
97
119
132
133
239
290
306
345
480
484
592
619
638
641
668
762
774
962
65
86
134
253
300
375
436
456
460
526
535
584
625
663
749
770
773
813
897
903
930
945
951
964
6
27
109
128
135
237
266
536
729
784
874
111
136
205
230
301
308
330
374
404
644
707
732
819
835
866
908
983
137
695
775
11
76
110
115
138
203
229
289
356
402
442
443
541
548
582
661
678
728
733
786
886
890
931
8
68
112
139
142
175
278
316
347
411
427
450
492
587
633
651
767
834
974
984
36
124
140
218
282
317
323
333
384
399
478
499
503
634
652
671
780
861
919
993
2
53
77
141
158
197
240
254
312
339
355
387
423
431
434
440
452
467
474
509
631
679
703
719
794
828
922
8
21
26
68
112
139
142
278
316
347
427
492
494
540
587
651
694
767
834
849
850
974
984
32
37
44
66
89
94
143
200
227
246
338
370
376
385
438
441
444
521
560
586
588
632
637
640
867
888
896
979
130
144
166
174
189
288
304
378
419
453
616
662
702
804
814
875
899
18
145
249
380
426
466
506
516
519
613
684
685
687
815
863
934
996
98
106
146
297
386
401
406
407
422
459
482
530
583
676
708
745
779
803
824
864
147
232
260
263
275
365
454
513
545
599
621
680
697
709
714
756
765
787
807
926
957
970
977
78
148
178
225
302
528
597
602
603
746
939
988
14
55
61
149
269
296
310
348
362
367
409
455
534
561
581
594
627
739
778
781
880
885
911
959
963
985
50
150
199
219
262
400
554
559
665
846
895
124
151
228
282
342
383
384
449
483
620
757
800
859
861
910
919
972
56
152
161
172
173
336
381
493
517
681
705
724
726
820
873
893
915
929
978
28
48
70
153
186
213
250
273
307
346
401
458
491
505
523
558
600
676
690
706
715
818
822
916
948
154
155
183
311
747
942
943
154
155
311
747
942
989
991
121
126
156
204
245
287
405
461
508
514
596
609
789
790
830
954
60
102
129
157
162
167
226
295
309
432
437
717
740
763
764
141
158
197
236
240
254
312
339
387
423
434
452
474
529
719
735
794
848
912
922
949
995
20
87
108
159
198
215
224
416
489
569
593
667
723
805
933
10
39
42
43
49
88
95
123
127
160
164
208
335
357
475
527
555
580
612
630
751
761
777
788
842
853
854
878
28
56
152
161
186
285
315
336
381
458
463
498
523
690
691
705
742
893
915
929
47
132
157
162
295
309
314
345
432
638
717
740
763
764
1
41
84
163
176
182
244
279
283
322
391
571
727
758
836
971
10
42
43
49
88
95
123
127
160
164
208
297
335
357
406
407
475
555
583
612
745
750
761
777
779
788
803
853
864
878
0
93
120
165
198
215
224
701
817
918
990
130
144
166
174
189
304
378
419
447
453
468
616
689
804
814
862
875
902
940
60
102
129
157
167
210
226
258
295
309
432
437
451
629
666
699
740
763
764
57
101
107
168
207
214
247
274
298
353
425
495
576
591
598
615
682
731
776
799
839
843
928
975
169
276
284
515
614
659
792
821
838
857
958
59
113
170
187
291
373
462
472
595
658
725
771
806
825
827
891
894
90
171
389
543
152
172
173
196
411
450
471
493
517
633
681
705
724
726
820
844
873
893
929
978
152
172
173
196
336
381
471
493
517
681
705
724
726
820
844
873
893
915
929
978
114
130
144
166
174
189
304
378
447
453
468
616
670
689
804
814
851
862
902
940
8
68
112
139
175
196
278
316
347
411
427
450
471
492
517
587
633
651
681
726
820
834
844
873
974
978
1
41
163
176
182
244
279
283
322
391
727
758
836
971
15
96
177
188
293
360
469
501
522
524
615
656
682
731
760
839
845
889
975
982
78
148
178
225
302
528
597
602
603
746
939
988
24
31
104
117
179
237
241
248
396
417
457
487
507
564
568
654
675
686
718
769
797
802
841
874
917
946
180
643
692
837
860
181
413
41
91
163
176
182
244
279
283
322
391
635
683
727
758
836
971
154
183
747
943
184
257
464
847
63
72
116
185
448
608
611
673
914
973
976
28
70
153
161
186
250
285
307
315
346
458
463
491
498
505
523
600
690
691
715
742
818
822
948
59
65
75
170
187
211
361
373
462
526
636
658
725
770
806
825
891
894
930
951
15
96
177
188
223
293
360
469
501
502
522
524
607
656
672
760
845
889
975
982
130
144
166
174
189
288
304
378
419
453
616
662
702
804
814
875
899
24
29
105
113
190
201
238
259
291
397
408
479
500
553
595
601
704
712
713
754
771
785
827
927
191
267
271
433
477
542
688
852
17
41
91
110
115
192
229
635
683
727
826
931
3
30
131
193
243
251
299
329
331
383
449
483
590
605
617
620
757
791
810
882
953
972
39
194
320
356
443
548
574
623
661
669
728
733
823
840
842
854
886
887
890
54
82
195
305
341
533
622
906
68
112
172
173
175
196
316
347
411
427
450
471
493
517
633
681
724
726
820
844
873
974
978
141
158
197
236
240
254
312
339
387
423
434
452
474
529
631
719
735
794
848
912
922
995
0
20
93
159
165
198
215
224
416
593
723
805
50
150
199
219
262
400
554
559
665
846
895
32
44
66
89
111
143
200
205
227
246
301
308
330
338
370
438
441
444
512
521
525
557
560
586
588
637
644
707
766
819
867
888
896
956
979
983
29
105
113
190
201
238
259
291
397
408
472
479
500
553
595
601
704
712
713
771
785
827
927
122
202
217
234
363
364
552
562
741
869
879
11
76
110
138
203
289
356
402
442
443
541
548
582
661
678
728
733
786
886
890
121
126
156
204
245
287
405
440
461
508
514
538
596
609
790
954
32
66
89
111
136
200
205
230
301
308
330
338
374
512
525
557
560
637
644
707
766
819
835
896
908
956
983
7
58
79
118
206
319
379
410
465
504
570
693
753
809
851
947
997
57
107
168
207
214
247
274
298
353
425
495
576
591
598
615
656
682
731
760
776
839
843
928
975
10
42
43
49
88
95
123
127
160
164
208
335
357
475
527
555
580
612
630
750
751
761
777
788
842
853
854
878
5
33
46
74
83
209
277
332
350
368
481
496
511
544
565
567
674
755
881
961
14
60
102
129
167
210
226
258
437
451
581
594
629
666
699
876
911
963
59
65
75
187
211
361
373
375
462
526
535
636
658
663
770
825
891
894
930
951
212
231
242
382
415
589
639
710
782
877
48
70
106
153
213
250
273
307
346
401
422
482
491
505
558
600
676
706
708
822
824
916
948
57
101
107
168
207
214
247
274
298
353
425
495
576
591
598
615
682
731
776
799
839
843
928
0
20
93
159
165
198
215
224
416
593
723
805
216
421
585
829
122
202
217
234
363
364
368
552
562
741
869
879
36
124
140
218
282
317
323
384
478
499
503
634
652
671
780
861
919
50
150
199
219
262
400
554
559
626
665
846
895
966
80
220
233
260
398
403
454
485
518
537
653
655
680
711
716
743
768
783
798
801
920
970
221
428
9
222
321
414
796
913
936
15
188
223
293
324
469
501
502
522
524
545
607
672
714
765
845
982
0
20
93
159
165
198
215
224
416
593
723
805
78
148
178
225
286
528
602
603
647
816
925
939
988
992
60
102
129
157
167
210
226
258
437
451
629
666
699
740
764
876
911
32
37
44
66
89
94
143
200
227
246
338
370
376
385
438
441
444
512
521
525
557
560
586
588
637
640
644
766
867
888
896
956
979
124
151
228
282
342
383
384
449
483
620
757
800
859
861
910
919
972
17
91
110
115
138
192
229
289
402
582
635
678
683
786
826
931
111
136
205
230
301
308
330
374
404
512
557
644
707
732
819
835
908
956
983
212
231
242
351
589
639
646
698
877
147
232
260
263
275
365
454
513
545
599
621
680
697
709
711
756
783
787
807
926
957
970
977
80
99
220
233
358
398
403
473
485
518
537
546
653
655
716
743
768
798
801
920
965
122
202
217
234
363
364
368
511
552
562
741
869
879
235
264
392
430
520
649
812
817
918
932
935
990
158
197
236
240
254
312
339
387
423
434
452
474
529
719
735
794
848
912
922
949
995
27
109
135
179
237
396
417
457
487
507
536
564
654
675
718
729
769
797
802
841
874
946
24
29
31
104
105
117
190
201
238
248
259
397
408
479
500
553
568
601
704
712
713
754
785
827
927
33
45
83
97
119
133
239
277
290
306
592
619
668
755
762
774
881
962
2
53
77
141
158
197
236
240
254
312
339
355
387
423
431
434
452
467
474
509
631
679
703
719
794
828
848
912
922
24
31
104
117
179
241
248
396
397
417
457
487
507
564
568
654
675
686
712
718
754
769
797
802
841
917
946
212
231
242
589
639
877
3
30
131
193
243
251
299
329
331
383
449
483
590
605
617
620
757
791
810
882
953
972
1
84
163
176
182
244
279
283
322
391
393
420
571
730
758
836
971
121
126
156
204
245
287
405
461
508
514
596
609
789
790
830
954
37
44
66
89
94
143
200
227
246
359
370
376
385
438
441
444
521
531
560
586
588
632
640
867
888
896
952
979
57
101
107
168
207
214
247
274
298
353
425
495
576
591
598
615
682
731
776
799
839
843
928
24
31
104
105
117
179
238
241
248
396
397
417
457
500
568
654
686
712
718
754
769
802
841
917
18
145
249
380
426
445
516
613
685
687
720
815
863
904
923
996
28
48
70
153
186
213
250
273
307
346
458
463
491
505
523
558
600
676
690
691
706
715
818
822
916
948
3
30
131
193
243
251
299
329
383
449
483
590
617
620
757
791
810
882
910
953
972
38
71
252
265
692
860
65
86
134
253
300
318
333
375
399
436
456
460
535
563
584
625
663
749
773
813
897
901
903
945
964
993
2
53
77
141
158
197
236
240
254
312
339
355
387
423
431
434
452
467
474
509
631
679
719
735
794
828
848
912
922
255
256
268
575
577
645
989
991
184
257
271
433
847
14
60
102
129
167
210
226
258
437
451
581
594
629
666
699
876
911
963
29
105
113
190
201
238
259
291
397
408
472
479
500
553
595
601
704
712
713
754
771
785
827
927
147
220
232
260
263
275
365
454
513
518
537
599
653
680
697
709
711
743
756
768
783
787
807
926
970
261
872
50
150
199
219
262
400
554
559
665
846
895
147
232
260
263
275
365
454
513
545
599
621
680
697
709
711
756
783
787
807
926
957
970
977
120
235
264
392
430
520
649
701
812
817
918
932
935
990
38
71
252
265
860
6
27
109
128
135
266
536
729
784
808
874
969
19
62
191
267
477
542
688
852
256
268
575
577
645
991
55
61
67
81
149
269
292
294
310
348
362
367
409
455
534
627
739
778
781
856
880
909
959
985
270
377
573
191
257
271
433
477
542
852
272
280
327
412
677
48
70
106
153
213
250
273
307
346
401
422
482
491
505
530
558
600
676
706
708
822
824
916
948
57
101
107
168
207
214
247
274
298
353
425
495
576
591
598
618
776
799
843
865
928
147
232
260
263
275
365
454
513
518
599
653
680
697
709
711
756
783
787
807
926
957
970
977
169
276
284
349
515
550
551
614
624
659
792
821
838
857
958
5
33
46
74
83
119
209
239
277
290
332
481
496
544
567
755
774
881
8
21
68
112
139
142
175
278
316
347
427
492
494
540
587
651
767
834
974
984
41
91
163
176
182
244
279
283
322
391
635
683
727
758
836
971
272
280
327
435
281
648
36
124
140
151
218
228
282
317
323
342
384
652
671
800
859
861
919
1
41
163
176
182
244
279
283
322
391
571
727
758
836
971
169
276
284
313
515
614
792
821
857
958
28
56
161
186
285
315
336
381
458
463
498
523
690
691
705
742
915
929
225
286
528
603
647
748
789
790
816
830
925
992
121
126
156
204
245
287
405
461
508
514
596
609
789
790
830
954
144
189
288
352
419
604
662
696
702
752
833
875
884
899
950
986
11
76
110
115
138
203
229
289
402
442
541
582
678
728
786
886
890
931
33
74
83
119
133
239
277
290
306
496
567
592
619
755
762
774
881
962
29
59
113
170
190
201
259
291
408
472
479
553
595
601
704
713
725
771
785
806
827
927
67
81
100
269
292
294
348
367
455
473
534
627
739
781
856
880
909
965
980
15
96
177
188
223
293
360
469
501
502
522
524
607
615
656
672
682
731
760
839
845
889
975
982
67
81
100
269
292
294
348
367
455
473
534
627
739
781
856
880
909
980
985
60
102
129
157
162
167
295
309
314
432
717
740
763
764
14
55
61
149
296
310
362
409
534
561
581
594
627
778
876
885
911
959
963
985
10
42
88
98
146
164
297
386
406
407
459
530
555
583
612
745
750
779
788
803
853
864
57
107
168
207
214
247
274
298
353
425
495
576
591
598
615
656
682
731
760
776
839
843
928
975
3
30
131
193
243
251
299
329
331
383
483
590
605
617
791
793
810
832
866
882
953
65
86
134
253
300
318
375
436
456
460
526
535
563
584
625
663
749
770
773
813
897
903
930
945
951
964
32
66
89
111
136
200
205
230
301
308
330
338
374
512
525
557
560
637
644
707
766
819
896
908
956
983
78
148
178
302
490
572
597
602
746
939
955
303
369
722
130
144
166
174
189
304
378
419
447
453
468
616
702
804
814
875
902
940
82
195
305
418
906
45
97
119
132
133
239
290
306
480
484
592
619
641
668
762
774
962
28
48
70
153
186
213
250
273
307
346
458
463
491
505
523
558
600
676
690
691
706
715
818
822
916
948
32
66
89
111
136
200
205
230
301
308
330
338
374
512
525
557
560
637
644
707
766
819
835
896
908
956
983
47
102
132
157
162
167
295
309
314
345
432
638
717
740
763
764
14
55
61
149
269
296
310
362
409
534
561
581
594
627
778
781
876
885
911
959
963
985
154
155
311
747
942
943
989
2
53
77
141
158
197
236
240
254
312
339
355
387
423
431
434
452
467
474
509
631
679
719
735
794
828
848
912
922
63
72
284
313
515
673
958
973
976
47
132
162
295
309
314
345
432
480
638
641
717
763
28
56
161
186
285
315
336
381
458
463
498
523
690
691
715
742
818
915
8
68
112
139
142
175
196
278
316
347
411
427
450
471
492
587
633
651
681
820
834
844
873
974
36
124
140
218
282
317
323
384
478
499
503
634
652
671
780
861
919
86
253
300
318
333
399
436
456
460
478
499
503
563
584
634
749
780
897
901
903
945
964
993
79
206
319
379
388
445
476
504
570
693
720
753
907
923
947
960
997
39
194
320
356
443
548
574
580
623
630
661
669
728
733
751
823
840
842
854
887
9
222
321
414
796
913
936
1
41
163
176
182
244
279
283
322
391
571
727
758
836
971
36
124
140
218
282
317
323
384
399
478
499
503
634
652
671
780
861
919
223
324
502
545
599
607
621
672
714
765
845
957
977
23
92
125
325
486
488
490
610
736
811
955
987
326
272
280
327
412
677
16
22
40
73
328
394
466
519
556
684
944
3
30
131
193
243
251
299
329
331
404
590
605
617
732
791
793
810
832
866
882
953
32
66
89
111
136
200
205
230
301
308
330
338
374
512
525
557
560
637
644
707
766
819
835
896
908
956
983
3
30
131
193
243
299
329
331
404
605
732
791
793
810
832
866
882
953
5
33
46
74
83
209
277
332
350
481
496
544
565
567
674
755
881
961
86
140
253
318
333
399
436
456
478
499
503
563
584
634
671
749
780
897
901
945
964
993
334
349
354
550
551
624
838
869
10
42
43
49
88
95
123
127
160
164
208
335
357
475
527
555
580
612
630
750
751
761
777
788
842
853
854
878
56
152
161
173
285
315
336
381
458
463
498
690
691
705
742
893
915
929
69
84
85
337
393
420
424
578
606
642
650
660
696
700
730
734
855
870
884
900
986
32
66
89
111
143
200
205
227
301
308
330
338
370
438
444
512
521
525
557
560
586
588
637
644
707
766
819
867
888
896
908
956
983
2
77
141
158
197
236
240
254
312
339
387
423
434
452
467
474
529
631
719
735
794
848
912
922
995
340
430
520
649
795
812
935
54
195
341
533
547
622
124
151
228
282
342
383
384
449
483
620
757
800
859
861
910
919
972
34
343
448
657
914
344
45
47
97
132
133
162
309
314
345
432
480
484
638
641
668
717
763
28
48
70
153
186
213
250
273
307
346
458
463
491
505
523
558
600
676
690
706
715
818
822
916
948
8
68
112
139
142
175
196
278
316
347
411
427
450
471
492
587
633
651
681
820
834
844
873
974
55
61
67
81
149
269
292
294
348
367
455
534
627
739
778
781
856
880
909
959
985
276
334
349
354
550
551
614
624
659
792
838
857
5
46
209
332
350
368
481
496
511
544
552
565
567
674
879
961
231
351
646
698
85
288
352
424
604
650
662
696
700
752
833
884
899
900
950
986
57
107
168
207
214
247
274
298
353
425
495
576
591
598
615
682
731
760
776
839
843
928
975
334
349
354
550
551
624
659
838
869
2
53
77
126
141
240
254
312
355
431
440
467
508
509
538
631
679
703
828
11
76
138
194
203
320
356
442
443
541
548
574
623
661
669
728
733
823
886
890
39
42
43
49
88
95
123
127
160
164
208
335
357
475
527
555
580
612
630
751
761
777
840
842
853
854
878
887
80
99
100
233
358
398
403
473
485
537
546
655
716
768
798
801
920
965
980
37
44
94
246
359
376
385
441
531
632
640
865
905
938
952
979
15
96
107
177
188
293
360
469
501
522
524
615
656
682
731
760
776
839
845
889
975
982
65
75
187
211
361
373
375
462
526
535
636
658
663
770
773
825
891
894
930
951
14
55
61
149
269
296
310
362
409
534
561
581
594
627
778
781
876
885
911
959
963
985
122
202
217
234
363
364
562
741
869
122
202
217
234
363
364
552
562
741
869
879
147
232
260
263
275
365
454
513
518
599
653
680
697
709
711
756
783
787
807
926
957
970
52
366
382
415
710
737
782
898
55
61
67
81
149
269
292
294
348
367
409
455
534
627
739
778
781
856
880
909
959
985
122
209
217
234
350
368
481
511
552
562
565
674
741
879
961
303
369
722
32
37
44
66
89
94
143
200
227
246
338
370
376
385
438
441
444
521
525
560
586
588
637
640
766
867
888
896
979
103
371
532
549
664
744
831
883
998
64
372
59
75
113
170
187
211
361
373
462
472
595
636
658
725
806
825
891
894
111
136
205
230
301
308
330
374
404
557
644
707
732
819
835
908
983
65
75
86
134
211
253
300
361
375
436
456
460
526
535
584
625
636
658
663
749
770
773
813
897
903
930
945
951
964
37
44
94
143
227
246
359
370
376
385
438
441
444
521
531
586
588
632
640
888
905
938
952
979
270
377
573
114
130
144
166
174
189
304
378
447
453
468
616
670
689
804
814
862
875
902
940
7
58
79
118
206
319
379
388
410
465
504
570
693
753
809
947
997
18
145
249
380
426
506
516
613
685
687
815
863
904
923
934
996
56
152
161
173
285
315
336
381
493
498
691
705
724
742
893
915
929
52
212
366
382
415
589
639
710
782
877
898
3
30
131
151
193
228
243
251
299
342
383
449
483
590
617
620
757
791
810
910
972
36
124
140
151
218
228
282
317
323
342
384
634
652
671
780
800
859
861
919
37
44
94
143
227
246
359
370
376
385
438
441
444
521
531
586
588
632
640
888
905
938
952
979
10
98
106
146
297
386
406
407
422
459
530
583
708
745
750
779
788
803
824
864
141
158
197
236
240
254
312
339
387
423
434
452
474
529
631
719
735
794
848
912
922
995
79
319
379
388
445
476
504
693
720
753
904
907
923
960
997
171
389
390
721
1
41
91
163
176
182
244
279
283
322
391
683
727
758
836
971
235
264
392
430
520
649
812
817
918
932
935
990
1
69
84
244
337
393
420
571
578
606
642
660
730
734
855
870
16
22
40
73
328
394
529
556
735
944
949
995
395
439
464
579
858
31
104
117
179
237
241
248
396
417
457
487
507
564
568
654
675
686
718
729
769
797
802
841
874
917
946
24
29
31
104
105
117
190
201
238
241
248
259
397
408
479
500
553
568
601
704
712
713
754
785
917
927
80
99
220
233
358
398
403
473
485
537
546
655
716
743
768
798
801
920
965
980
86
140
253
318
323
333
399
436
456
478
499
503
563
584
634
671
749
780
897
901
945
964
993
50
150
199
219
262
400
554
559
626
846
895
966
48
70
106
146
153
213
273
401
422
459
482
491
530
558
600
676
706
708
822
824
916
948
11
76
110
115
138
203
229
289
402
442
443
541
582
678
728
786
886
890
931
80
99
220
233
358
398
403
485
518
537
546
653
655
711
716
743
768
783
798
801
920
965
131
136
230
329
331
374
404
605
732
793
832
835
866
882
953
121
156
204
245
287
405
461
514
596
609
789
790
830
954
10
42
98
106
146
164
297
386
406
407
459
530
583
612
708
745
750
779
788
803
824
864
10
42
43
88
98
146
164
297
386
406
407
459
555
583
612
745
750
779
788
803
853
864
24
29
105
113
190
201
238
259
291
397
408
479
500
553
601
704
712
713
754
771
785
827
927
14
55
61
149
269
296
310
362
367
409
534
561
581
594
627
739
778
781
876
885
911
959
963
985
7
58
79
118
206
379
410
465
570
753
809
851
947
997
8
68
112
139
172
175
196
316
347
411
427
450
471
493
517
633
681
724
726
820
834
844
873
974
978
272
327
412
677
181
413
9
222
321
414
796
913
936
52
212
366
382
415
589
639
710
782
877
898
20
87
93
108
159
198
215
224
416
489
569
593
667
723
805
933
27
117
179
237
241
248
396
417
457
487
507
564
568
654
675
686
718
729
769
797
802
841
874
917
946
82
305
418
665
906
130
144
166
189
288
304
419
616
662
702
752
804
814
833
875
899
950
1
69
84
244
337
393
420
571
578
606
642
660
730
734
855
870
971
216
421
585
829
48
98
106
146
213
273
386
401
422
459
482
530
558
676
706
708
824
916
2
77
141
158
197
236
240
254
312
339
387
423
434
452
467
474
509
631
719
735
794
848
912
922
995
69
85
337
352
424
578
604
606
642
650
660
696
700
734
855
884
900
950
986
57
101
107
168
207
214
247
274
298
353
425
495
576
591
598
615
682
731
760
776
839
843
928
975
18
145
249
380
426
466
506
516
519
613
684
685
687
815
863
934
996
8
68
112
139
142
175
196
278
316
347
411
427
450
492
587
633
651
767
834
974
984
221
428
87
108
125
429
486
488
489
736
868
933
235
264
340
392
430
520
649
795
812
932
935
2
53
77
126
141
240
254
312
355
431
440
467
508
509
538
631
679
703
828
47
102
132
157
162
167
295
309
314
345
432
638
717
740
763
764
191
257
271
433
477
542
852
141
158
197
236
240
254
312
339
387
423
434
452
474
529
719
735
794
848
912
922
949
995
280
435
65
86
134
253
300
318
333
375
399
436
456
460
535
563
584
625
663
749
773
813
897
901
903
945
964
993
60
102
129
157
167
210
226
258
437
451
629
666
699
740
764
876
32
37
44
66
89
94
143
200
227
246
338
370
376
385
438
441
444
521
525
560
586
588
637
640
766
867
888
896
979
395
439
464
579
858
2
53
77
126
141
204
355
431
440
461
467
508
509
538
631
679
703
828
37
44
66
89
94
143
200
227
246
359
370
376
385
438
441
444
521
560
586
588
632
640
867
888
896
952
979
11
76
110
138
203
289
356
402
442
443
541
548
582
623
661
678
728
733
786
886
890
11
76
138
194
203
320
356
402
442
443
541
548
574
623
661
669
728
733
823
886
890
32
37
44
66
89
94
143
200
227
246
338
370
376
385
438
441
444
512
521
525
557
560
586
588
637
640
766
867
888
896
956
979
79
249
319
388
445
476
504
516
613
693
720
815
863
904
907
923
960
12
446
510
566
941
7
58
114
130
166
174
304
378
447
453
465
468
670
689
804
814
851
862
902
940
63
72
116
185
343
448
608
611
673
914
3
30
151
193
228
243
251
342
383
449
483
590
617
620
757
791
800
810
859
910
972
8
68
112
139
172
175
196
316
347
411
427
450
471
493
517
633
681
724
726
820
834
844
873
974
978
14
60
102
129
167
210
226
258
437
451
581
594
629
666
699
876
911
963
2
77
141
158
197
236
240
254
312
339
387
423
434
452
467
474
529
631
719
735
794
848
912
922
995
114
130
144
166
174
189
304
378
447
453
468
616
670
689
804
814
862
875
902
940
147
220
232
260
263
275
365
454
513
518
537
653
680
697
709
711
743
756
768
783
787
798
807
926
970
55
61
67
81
100
149
269
292
294
348
367
455
534
627
739
778
781
856
880
909
959
980
985
86
134
253
300
318
333
375
399
436
456
460
563
584
625
663
749
773
813
897
901
903
945
964
993
24
31
104
117
179
237
241
248
396
417
457
487
507
564
568
654
675
686
712
718
754
769
797
802
841
917
946
28
56
153
161
186
250
285
307
315
336
346
458
463
498
505
523
600
690
691
715
742
818
822
98
106
146
297
386
401
406
407
422
459
482
530
583
708
745
779
803
824
864
65
86
134
253
300
318
375
436
456
460
526
535
563
584
625
663
749
770
773
813
897
901
903
930
945
951
964
993
121
126
156
204
245
287
405
440
461
508
514
538
596
609
790
954
59
75
113
170
187
211
361
373
462
472
595
636
658
725
806
825
891
894
28
56
161
186
250
285
307
315
336
346
458
463
498
505
523
690
691
715
742
818
915
184
395
439
464
579
847
858
7
58
114
118
206
379
410
447
465
468
570
670
689
753
809
851
862
902
947
18
73
145
328
426
466
506
519
556
684
687
934
996
2
53
77
141
240
254
312
339
355
423
431
440
452
467
474
509
538
631
679
703
828
922
7
58
114
166
174
304
378
447
453
465
468
670
689
804
814
851
862
902
940
15
96
177
188
223
293
360
469
501
522
524
607
615
656
672
682
731
760
839
845
889
975
982
470
112
172
173
175
196
316
347
411
450
471
493
517
633
681
724
726
820
844
873
974
978
59
113
170
201
259
291
373
462
472
479
553
595
601
704
713
725
771
806
827
891
927
67
99
100
233
292
294
358
398
473
485
546
655
716
801
920
965
980
2
77
141
158
197
236
240
254
312
339
387
423
434
452
467
474
529
631
719
735
794
848
912
922
995
10
42
43
49
88
95
123
127
160
164
208
335
357
475
527
555
580
612
630
750
751
761
777
788
842
853
854
878
79
319
388
445
476
504
693
720
753
904
907
923
960
997
19
62
191
267
271
433
477
542
688
852
36
140
218
317
318
323
333
399
478
499
503
563
634
652
671
780
901
993
29
105
113
190
201
238
259
291
397
408
472
479
500
553
595
601
704
713
771
785
806
827
927
45
47
97
132
133
306
314
345
480
484
592
619
638
641
668
762
962
5
33
46
74
83
209
277
332
350
368
481
496
511
544
565
567
674
755
881
961
48
70
106
146
213
273
401
422
459
482
491
530
558
600
676
706
708
822
824
916
948
3
30
151
193
228
243
251
299
342
383
449
483
590
617
620
757
791
800
810
859
910
972
45
47
97
132
133
306
345
480
484
592
619
638
641
668
762
962
80
99
220
233
358
398
403
473
485
518
537
546
653
655
716
743
768
798
801
920
965
23
92
125
325
429
486
488
610
736
811
868
987
27
179
237
241
396
417
457
487
507
536
564
568
654
675
686
718
729
769
797
802
841
874
917
946
92
125
325
429
486
488
610
736
811
868
20
87
108
159
416
429
489
569
593
667
723
805
868
933
23
92
302
325
490
572
597
610
746
811
955
987
28
48
70
153
186
213
250
273
307
346
401
482
491
505
523
558
600
676
690
706
715
818
822
916
948
8
21
68
112
139
142
175
278
316
347
427
492
587
651
767
834
974
984
152
172
173
196
381
411
450
471
493
517
633
681
705
724
726
820
844
873
893
915
929
978
21
26
142
278
494
539
540
587
628
694
759
767
772
849
850
871
892
968
981
984
57
101
107
168
207
214
247
274
298
353
425
495
576
591
598
618
776
799
843
928
5
33
46
74
83
209
277
290
332
350
481
496
544
565
567
674
755
774
881
961
25
35
497
510
566
941
28
56
161
186
285
315
336
381
458
463
498
523
690
691
705
742
893
915
929
36
140
218
317
318
323
333
399
478
499
503
563
634
652
671
780
901
919
993
24
29
31
104
105
117
190
201
238
248
259
397
408
479
500
553
568
601
704
712
713
754
785
827
927
15
96
177
188
223
293
360
469
501
522
524
615
656
682
731
760
839
845
889
975
982
15
188
223
293
324
502
522
545
607
621
672
714
765
845
977
36
86
140
218
317
318
323
333
399
478
499
503
563
634
671
749
780
901
993
79
206
319
379
388
445
476
504
570
693
720
753
907
923
947
960
997
28
48
70
153
186
213
250
273
307
346
458
463
491
505
523
558
600
676
690
691
706
715
818
822
916
948
18
145
380
426
466
506
516
519
613
684
685
687
934
996
27
179
237
241
396
417
457
487
507
536
564
654
675
686
718
729
769
797
802
841
874
917
946
53
121
126
156
204
245
287
355
431
440
461
508
509
514
538
596
679
703
828
954
2
53
77
141
240
254
312
355
423
431
440
467
508
509
538
631
679
703
828
922
25
446
497
510
566
941
5
122
209
234
350
368
481
511
552
562
565
674
879
961
32
66
89
111
200
205
227
230
301
308
330
338
444
512
521
525
557
560
586
637
644
707
766
819
867
888
896
908
956
983
147
232
260
263
275
365
454
513
518
599
653
680
697
709
711
756
783
787
807
926
957
970
121
126
156
204
245
287
405
461
508
514
596
609
789
790
830
954
169
276
284
313
515
614
659
792
821
857
958
18
145
249
380
426
445
506
516
613
685
687
720
815
863
904
923
996
152
172
173
175
196
411
450
471
493
517
633
681
705
724
726
820
844
873
893
929
978
80
220
233
260
275
365
403
454
485
513
518
537
653
680
697
709
711
743
756
768
783
787
798
807
920
970
16
18
22
40
73
145
328
426
466
506
519
556
684
687
934
944
996
235
264
340
392
430
520
649
795
812
932
935
32
37
44
66
89
94
143
200
227
246
338
370
376
385
438
441
444
512
521
525
560
586
588
637
640
766
867
888
896
979
15
96
177
188
223
293
360
469
501
502
522
524
607
656
672
760
845
889
975
982
28
56
70
153
161
186
250
285
307
315
346
458
463
491
498
505
523
600
690
691
715
742
818
822
948
15
96
177
188
223
293
360
469
501
522
524
607
615
656
672
682
731
760
839
845
889
975
982
32
66
89
111
200
205
227
301
308
330
338
370
438
444
512
521
525
557
560
586
637
644
707
766
819
867
888
896
908
956
983
65
75
134
187
211
300
361
375
460
526
535
625
636
658
663
770
773
813
825
894
903
930
951
39
43
49
88
95
123
127
160
208
335
357
475
527
555
580
630
751
761
777
840
842
853
854
878
887
78
148
178
225
286
528
602
603
816
939
988
992
16
22
158
197
236
339
387
394
434
452
474
529
719
735
794
848
912
944
949
995
98
106
146
273
297
386
401
406
422
459
482
530
583
676
708
745
803
824
864
37
44
94
246
359
376
385
531
618
632
640
865
905
938
952
13
103
371
532
549
664
744
831
883
998
54
82
195
341
533
622
906
55
61
67
81
149
269
292
294
296
310
348
362
367
409
455
534
561
627
739
778
781
856
880
885
909
959
985
65
75
134
211
253
300
361
375
436
460
526
535
584
625
636
658
663
770
773
813
897
903
930
951
964
6
27
109
135
237
266
487
507
536
564
675
729
784
797
874
946
80
220
233
260
358
398
403
454
485
518
537
653
655
680
711
716
743
768
783
798
801
920
970
2
53
77
121
126
204
355
431
440
461
467
508
509
538
596
631
679
703
828
4
21
26
128
494
539
540
628
694
759
772
784
808
849
850
871
892
968
969
981
21
26
142
278
494
539
540
587
628
694
759
767
772
849
850
871
892
968
981
984
11
76
110
138
203
289
356
402
442
443
541
548
582
623
661
678
728
733
786
886
890
19
62
191
267
271
433
477
542
688
852
90
171
543
5
33
46
74
83
209
277
332
350
481
496
544
565
567
674
755
881
961
147
223
232
263
324
502
545
599
607
621
672
714
765
926
957
977
80
99
100
233
358
398
403
473
485
546
655
716
798
801
920
965
980
341
547
738
967
11
76
138
194
203
320
356
442
443
541
548
574
623
661
669
728
733
823
886
890
34
371
532
549
744
831
883
276
334
349
354
550
551
614
624
659
838
869
276
334
349
354
550
551
614
624
659
792
838
857
122
202
217
234
350
364
368
511
552
562
565
741
879
29
105
113
190
201
238
259
291
397
408
472
479
500
553
595
601
704
712
713
771
785
806
827
927
50
150
199
219
262
400
554
559
626
665
846
895
966
10
42
43
49
88
95
123
127
160
164
208
297
335
357
407
475
527
555
612
630
745
750
751
761
777
779
788
803
853
878
16
22
40
73
328
394
466
519
556
684
944
949
32
66
89
111
200
205
227
230
301
308
330
338
374
444
512
525
557
560
586
637
644
707
766
819
867
888
896
908
956
983
48
70
153
213
250
273
307
346
401
422
482
491
505
558
600
676
706
715
818
822
916
948
50
150
199
219
262
400
554
559
626
665
846
895
966
32
44
66
89
111
143
200
205
227
246
301
308
330
338
370
438
441
444
512
521
525
557
560
586
588
637
644
707
766
819
867
888
896
956
979
14
55
61
149
296
310
362
409
534
561
581
594
627
778
781
876
885
911
959
963
985
122
202
217
234
363
364
368
511
552
562
741
879
86
253
300
318
333
399
436
456
460
478
499
503
563
584
634
749
780
897
901
903
945
964
993
27
179
237
241
396
417
457
487
507
536
564
654
675
686
718
729
769
797
802
841
874
917
946
5
46
74
209
332
350
368
481
496
511
544
552
565
567
674
879
961
12
25
446
497
510
566
941
5
33
46
74
83
209
277
290
332
350
481
496
544
565
567
674
755
881
961
24
31
104
105
117
179
238
241
248
396
397
417
457
487
500
568
654
675
686
712
718
754
769
797
802
841
917
20
87
108
159
416
489
569
593
667
723
805
933
7
58
79
118
206
319
379
410
465
504
570
693
753
809
851
947
997
1
84
163
244
283
322
393
420
571
642
730
734
836
855
870
971
23
302
490
572
597
746
955
987
270
377
573
11
39
76
194
320
356
443
548
574
623
661
669
728
733
823
840
842
886
887
890
256
268
575
577
645
989
991
57
101
107
168
207
214
247
274
298
353
425
495
576
591
598
618
776
799
843
865
928
256
268
575
577
645
796
69
85
337
393
420
424
578
606
642
650
660
696
700
730
734
855
870
884
900
986
395
439
464
579
858
39
43
49
88
95
123
127
160
208
320
335
357
475
527
580
630
751
761
777
840
842
854
878
887
14
55
149
210
258
296
310
362
409
451
561
581
594
629
666
699
778
876
885
911
963
11
17
76
110
115
138
203
229
289
402
442
541
582
678
786
826
886
890
931
10
42
98
106
146
164
297
386
406
407
459
530
583
612
708
745
750
779
788
803
864
65
86
134
253
300
318
333
375
399
436
456
460
535
563
584
625
663
749
773
813
897
901
903
945
964
993
216
421
585
829
32
37
44
66
89
94
143
200
227
246
338
370
376
385
438
441
444
512
521
525
557
560
586
588
637
640
766
867
888
896
956
979
8
21
26
68
112
139
142
175
278
316
347
427
492
494
540
587
651
694
767
834
849
974
984
32
37
44
66
89
94
143
200
227
246
338
370
376
385
438
441
444
521
560
586
588
632
637
640
766
867
888
896
979
212
231
242
382
415
589
639
877
3
30
131
193
243
251
299
329
383
449
483
590
617
620
757
791
810
882
910
953
972
57
101
107
168
207
214
247
274
298
353
425
495
576
591
598
618
776
799
843
865
928
45
97
119
133
239
290
306
480
484
592
619
641
668
762
774
962
20
87
108
159
198
215
224
416
489
569
593
667
723
805
933
14
55
61
149
210
258
296
310
362
409
451
561
581
594
629
699
778
876
885
911
963
59
113
170
190
201
259
291
373
462
472
479
553
595
601
704
713
725
771
785
806
827
891
927
121
126
156
204
245
287
405
461
508
514
538
596
609
789
790
830
954
78
148
178
302
490
572
597
602
746
939
955
57
101
107
168
207
214
247
274
298
353
425
495
576
591
598
615
682
731
776
799
839
843
928
147
232
260
263
275
324
365
513
545
599
621
697
709
714
756
765
787
807
926
957
977
28
48
70
153
186
213
250
273
307
346
401
458
482
491
505
523
558
600
676
690
706
715
818
822
916
948
29
105
113
190
201
238
259
291
397
408
472
479
500
553
595
601
704
712
713
771
785
827
927
78
148
178
225
302
528
597
602
603
939
988
78
148
178
225
286
528
602
603
647
748
816
925
939
988
992
85
288
352
424
604
650
662
696
700
752
833
884
899
900
950
986
3
30
131
193
243
299
329
331
404
605
617
732
791
793
810
832
866
882
953
69
84
85
337
393
420
424
578
606
642
650
660
696
700
730
734
855
870
900
15
188
223
293
324
469
502
522
524
545
607
621
672
714
765
845
63
72
116
185
448
608
611
673
914
973
976
121
156
204
245
287
405
461
514
596
609
748
789
790
830
954
23
92
125
325
486
488
490
610
736
811
955
987
63
72
116
185
448
608
611
673
914
973
976
10
42
43
49
88
98
123
127
160
164
208
297
335
357
406
407
475
555
583
612
745
750
761
777
779
788
803
853
864
878
18
145
249
380
426
445
506
516
613
685
687
720
815
863
904
923
996
169
276
284
349
515
550
551
614
624
659
792
821
838
857
958
57
96
107
168
177
207
214
247
293
298
353
360
425
469
501
524
598
615
656
682
731
760
776
839
889
928
975
982
130
144
166
174
189
304
378
419
453
616
662
702
804
814
875
3
30
131
193
243
251
299
329
383
449
483
590
605
617
620
757
791
810
882
910
953
972
101
274
495
531
576
591
618
799
843
865
905
938
952
45
97
119
132
133
239
290
306
480
484
592
619
641
668
762
774
962
3
30
151
193
228
243
251
342
383
449
483
590
617
620
757
791
800
810
859
910
972
147
232
263
324
502
545
599
607
621
672
714
765
926
957
977
54
82
195
341
533
622
906
11
76
194
320
356
442
443
541
548
574
623
661
669
728
733
823
840
886
887
890
276
334
349
354
550
551
614
624
659
792
838
857
65
86
134
253
300
375
436
456
460
526
535
584
625
663
749
770
773
813
897
903
930
945
951
964
219
400
554
559
626
846
966
55
61
67
81
149
269
292
294
296
310
348
362
367
409
455
534
561
627
739
778
781
856
880
885
909
959
985
4
21
26
494
539
540
628
694
759
767
772
808
849
850
871
892
968
969
981
984
14
60
102
129
167
210
226
258
437
451
581
594
629
666
699
876
911
963
39
43
49
88
95
123
127
160
208
320
335
357
475
527
555
580
630
751
761
777
840
842
853
854
878
887
2
53
77
141
197
240
254
312
339
355
387
423
431
440
452
467
474
509
538
631
679
703
719
828
922
37
44
94
143
246
359
376
385
441
531
588
632
640
865
905
938
952
979
68
112
139
172
175
196
316
347
411
427
450
471
493
517
633
681
724
726
820
844
873
974
978
36
124
140
218
317
318
323
333
384
399
478
499
503
563
634
652
671
780
861
901
919
993
17
41
91
115
182
192
229
279
635
683
727
758
826
931
65
75
187
211
361
373
375
462
526
535
636
658
663
770
773
813
825
891
894
930
951
32
66
89
111
143
200
205
227
301
308
330
338
370
438
444
512
521
525
557
560
586
588
637
644
707
766
819
867
888
896
908
956
983
45
47
97
132
133
162
309
314
345
432
480
484
638
641
668
717
763
212
231
242
382
415
589
639
710
877
37
44
89
94
143
227
246
359
370
376
385
438
441
444
521
531
586
588
632
640
867
888
905
952
979
45
47
97
132
133
306
314
345
480
484
592
619
638
641
668
762
962
69
84
85
337
393
420
424
571
578
606
642
650
660
700
730
734
855
870
180
643
692
837
32
66
89
111
136
200
205
227
230
301
308
330
338
374
512
525
557
560
637
644
707
766
819
867
896
908
956
983
256
268
575
577
645
796
231
351
646
698
225
286
603
647
748
789
790
816
830
925
992
281
648
235
264
340
392
430
520
649
795
812
932
935
69
85
337
352
424
578
604
606
642
650
660
696
700
734
855
870
884
900
986
8
21
68
112
139
142
175
278
316
347
427
492
587
651
767
834
974
984
36
124
140
218
282
317
323
384
478
499
634
652
671
780
800
859
861
919
80
220
233
260
275
365
403
454
485
513
518
537
653
680
697
709
711
743
756
768
783
787
798
807
970
31
104
117
179
237
241
248
396
417
457
487
507
564
568
654
675
686
718
729
769
797
802
841
874
917
946
80
99
100
220
233
358
398
403
473
485
537
546
655
716
743
768
798
801
920
965
980
15
96
107
177
188
207
293
298
360
469
501
522
524
615
656
682
731
760
776
839
845
889
975
982
34
343
657
831
914
59
65
75
170
187
211
361
373
375
462
526
535
636
658
663
725
770
825
891
894
930
951
169
276
349
354
515
550
551
614
624
659
792
821
838
857
958
69
84
85
337
393
420
424
578
606
642
650
660
696
700
730
734
855
870
900
11
76
138
194
203
320
356
442
443
541
548
574
623
661
669
728
733
823
886
890
144
189
288
352
419
604
616
662
702
752
833
875
899
950
65
75
86
134
211
253
300
361
375
436
456
460
526
535
584
625
636
658
663
749
770
773
813
897
903
930
945
951
964
13
103
371
532
664
737
744
883
998
50
150
199
219
262
418
554
559
665
846
895
60
102
129
167
210
226
258
437
451
581
629
666
699
740
764
876
911
20
87
108
159
416
489
569
593
667
723
805
933
45
47
97
132
133
239
306
345
480
484
592
619
638
641
668
762
962
11
39
76
194
320
356
443
548
574
623
661
669
728
733
823
840
842
854
886
887
890
7
58
114
118
174
378
447
453
465
468
670
689
809
851
862
902
940
36
124
140
218
282
317
323
333
384
399
478
499
503
634
652
671
780
861
919
15
188
223
293
324
469
502
522
524
545
607
621
672
714
765
845
63
72
116
185
313
448
608
611
673
973
976
5
33
46
74
209
332
350
368
481
496
511
544
565
567
674
961
27
117
179
237
241
396
417
457
487
507
536
564
568
654
675
686
718
729
769
797
802
841
874
917
946
48
70
106
146
153
213
250
273
307
346
401
422
482
491
505
530
558
600
676
706
708
822
824
916
948
272
327
412
677
11
76
110
115
138
203
229
289
402
442
541
582
678
786
886
890
931
2
53
77
126
141
240
254
312
355
431
440
467
508
509
538
631
679
703
828
147
220
232
260
263
275
365
454
513
518
537
653
680
697
709
711
743
756
768
783
787
798
807
926
970
112
152
172
173
175
196
316
347
411
450
471
493
517
633
681
705
724
726
820
844
873
893
978
57
96
107
168
177
207
214
247
293
298
353
360
425
469
501
524
598
615
656
682
731
760
776
839
889
928
975
982
17
41
91
115
182
192
229
279
391
635
683
727
758
826
931
16
18
22
40
73
145
328
426
466
506
519
556
684
687
934
944
996
18
145
249
380
426
506
516
613
685
687
720
815
863
904
923
934
996
24
31
104
117
179
241
248
396
417
457
487
507
564
568
654
675
686
712
718
754
769
797
802
841
917
946
18
145
249
380
426
466
506
516
519
613
684
685
687
815
863
934
996
19
62
191
267
477
542
688
852
7
58
114
118
166
174
378
447
453
465
468
670
689
851
862
902
940
28
56
70
153
161
186
250
285
307
315
336
346
458
463
491
498
505
523
600
690
691
715
742
818
822
948
28
56
161
186
250
285
307
315
336
381
458
463
498
505
523
690
691
715
742
818
915
180
252
643
692
860
79
206
319
379
388
445
476
504
570
693
720
753
907
923
947
960
997
4
21
26
142
494
539
540
587
628
694
759
767
772
808
849
850
871
892
968
969
981
984
64
137
695
775
85
288
337
352
424
578
604
606
650
660
696
700
752
833
884
900
950
986
147
232
260
263
275
365
454
513
518
599
653
680
697
709
711
756
783
787
807
926
957
970
231
351
646
698
60
102
129
167
210
226
258
437
451
581
594
629
666
699
764
876
911
69
85
337
352
424
578
604
606
642
650
660
696
700
734
855
884
900
950
986
0
120
165
264
701
817
918
990
130
144
189
288
304
419
616
662
702
752
804
814
833
875
899
950
2
53
77
126
141
240
355
431
440
467
508
509
538
631
679
703
828
29
105
113
190
201
238
259
291
397
408
472
479
500
553
595
601
704
712
713
771
785
827
927
56
152
161
172
173
285
336
381
493
498
517
681
705
724
726
742
893
915
929
978
48
70
153
213
250
273
307
346
401
422
482
491
505
558
600
676
706
708
715
818
822
824
916
948
32
66
89
111
136
200
205
230
301
308
330
338
374
512
525
557
560
637
644
707
766
819
835
896
908
956
983
98
106
146
213
273
386
401
406
422
459
482
530
583
676
706
708
824
916
147
232
260
263
275
365
454
513
518
599
653
680
697
709
711
756
783
787
807
926
957
970
52
212
366
382
415
639
710
782
877
898
80
220
232
260
263
275
365
403
454
513
518
537
653
680
697
709
711
743
756
768
783
787
798
807
970
24
29
31
104
105
117
190
201
238
241
248
259
397
408
457
500
553
568
601
686
704
712
713
754
785
917
29
105
113
190
201
238
259
291
397
408
472
479
500
553
595
601
704
712
713
754
771
785
827
927
147
223
324
502
545
599
607
621
672
714
765
926
957
977
28
48
70
153
186
250
307
315
346
458
463
491
505
523
558
600
690
691
706
715
818
822
916
948
80
99
220
233
358
398
403
473
485
537
546
655
716
743
768
798
801
920
965
47
132
157
162
295
309
314
345
432
638
717
740
763
764
31
104
117
179
237
241
248
396
417
457
487
507
564
568
654
675
686
718
729
769
797
802
841
874
917
946
77
141
158
197
236
240
254
312
339
387
423
434
452
474
529
631
719
735
794
848
912
922
995
79
249
319
388
445
476
504
516
613
685
693
720
815
863
904
907
923
960
390
721
303
369
722
0
20
87
93
108
159
198
215
224
416
489
569
593
667
723
805
152
172
173
196
381
411
450
471
493
517
633
681
705
724
726
820
844
873
893
929
978
59
113
170
187
291
373
462
472
595
658
725
771
806
825
827
891
894
152
172
173
175
196
411
450
471
493
517
633
681
705
724
726
820
844
873
893
929
978
17
41
91
163
176
182
192
279
283
322
391
635
683
727
758
826
836
971
11
76
138
194
203
289
320
356
402
442
443
541
548
574
623
661
669
728
733
823
886
890
6
27
109
135
237
266
396
417
487
507
536
564
654
675
718
729
797
841
874
946
1
69
84
244
337
393
420
571
578
606
642
660
730
734
855
870
971
57
96
107
168
177
207
214
247
293
298
353
360
425
469
501
524
598
615
656
682
731
760
776
839
889
928
975
982
136
230
329
331
374
404
605
732
793
832
835
866
882
908
953
11
76
138
194
203
320
356
442
443
541
548
574
623
661
669
728
733
823
886
890
69
84
85
337
393
420
424
571
578
606
642
650
660
700
730
734
855
870
900
158
197
236
254
312
339
387
394
423
434
452
474
529
719
735
794
848
912
922
949
995
92
125
325
429
486
488
610
736
811
868
13
52
103
366
664
737
898
998
547
738
967
55
61
67
81
149
269
292
294
348
367
409
455
534
627
739
778
781
856
880
909
959
985
60
102
129
157
162
167
226
295
309
432
437
666
717
740
763
764
122
202
217
234
363
364
368
552
562
741
869
879
28
56
161
186
285
315
336
381
458
463
498
523
690
691
705
742
915
929
80
220
233
260
398
403
454
485
518
537
653
655
680
711
716
743
768
783
787
798
801
920
970
371
532
549
664
744
831
883
998
10
42
88
98
146
164
297
386
406
407
459
530
555
583
612
745
750
779
788
803
853
864
78
148
178
302
490
572
597
746
939
955
154
155
183
311
747
942
943
286
603
609
647
748
789
790
816
830
925
992
86
134
253
300
318
333
375
399
436
456
460
503
563
584
625
663
749
773
813
897
901
903
945
964
993
10
42
43
49
88
98
164
208
297
335
386
406
407
475
555
583
612
745
750
779
788
803
853
864
39
43
49
88
95
123
127
160
208
320
335
357
475
527
555
580
630
751
761
777
840
842
853
854
878
887
288
352
419
604
662
696
702
752
833
884
899
950
986
7
58
79
118
206
319
379
388
410
465
476
504
570
693
753
809
947
997
24
29
31
104
105
117
190
238
241
248
259
397
408
457
500
568
686
712
713
754
785
917
5
33
46
74
83
119
209
239
277
290
332
481
496
544
567
755
774
881
147
232
260
263
275
365
454
513
518
599
653
680
697
709
711
756
783
787
807
926
957
970
151
193
228
243
251
342
383
449
483
590
617
620
757
791
800
810
859
910
972
41
91
163
176
182
244
279
283
322
391
635
683
727
758
836
971
4
21
26
494
539
540
628
694
759
767
772
808
849
850
871
892
968
969
981
984
15
96
107
177
188
207
293
298
353
360
425
469
501
522
524
615
656
682
731
760
776
839
889
975
982
10
39
42
43
49
88
95
123
127
160
164
208
335
357
475
527
555
580
612
630
751
761
777
788
840
842
853
854
878
887
45
97
119
133
239
290
306
480
484
592
619
641
668
762
774
962
47
102
132
157
162
167
295
309
314
345
432
638
717
740
763
764
60
102
129
157
162
167
226
295
309
432
437
666
699
717
740
763
764
147
223
324
502
545
599
607
621
672
714
765
845
957
977
32
66
89
111
200
205
227
301
308
330
338
370
438
444
512
521
525
557
560
586
588
637
644
707
766
819
867
888
896
908
956
983
8
21
26
68
139
142
278
427
492
494
540
587
628
651
694
759
767
834
849
850
871
968
984
80
220
233
260
358
398
403
454
485
518
537
653
655
680
711
716
743
768
783
798
801
920
970
24
31
104
117
179
237
241
248
396
417
457
487
507
564
568
654
675
686
718
769
797
802
841
874
917
946
65
75
134
187
211
300
361
375
460
526
535
625
636
658
663
770
773
813
825
894
903
930
951
29
59
113
170
190
201
259
291
408
472
479
553
595
601
704
713
725
771
785
806
827
927
4
21
26
128
494
539
540
628
694
759
772
784
808
849
850
871
892
968
969
981
65
75
86
134
253
300
361
375
436
456
460
526
535
584
625
636
663
749
770
773
813
897
903
930
945
951
964
33
45
74
83
119
133
239
277
290
306
496
592
619
755
762
774
881
962
64
137
695
775
57
96
107
168
207
214
247
274
298
353
360
425
495
576
591
598
615
656
682
731
760
776
839
843
928
975
10
39
42
43
49
88
95
123
127
160
164
208
335
357
475
527
555
580
612
630
751
761
777
788
840
842
853
854
878
14
55
61
81
149
269
296
310
348
362
367
409
455
534
561
581
594
627
739
778
781
856
880
885
959
963
985
10
42
43
88
98
146
164
297
386
406
407
459
555
583
612
745
750
779
788
803
853
864
36
124
140
218
317
318
323
333
384
399
478
499
503
563
634
652
671
780
861
901
919
993
55
61
67
81
149
269
292
294
310
348
362
367
409
455
534
561
627
739
778
781
856
880
885
909
959
985
52
212
366
382
415
710
782
877
898
80
220
232
260
263
275
365
403
454
513
518
537
653
680
697
709
711
743
756
768
783
787
798
807
970
4
6
109
128
135
266
536
539
772
784
808
892
968
969
981
24
29
105
113
190
201
238
259
291
397
408
479
500
553
595
601
704
712
713
754
771
785
827
927
11
76
110
115
138
203
229
289
402
442
541
582
678
786
886
890
931
147
232
260
263
275
365
454
513
518
599
653
680
697
709
711
743
756
783
787
807
926
970
10
42
43
49
88
98
123
160
164
208
297
335
386
406
407
475
555
583
612
745
750
761
777
779
788
803
853
864
878
121
156
245
286
287
405
514
596
609
647
748
789
790
830
925
954
121
156
204
245
286
287
405
461
514
596
609
647
748
789
790
830
925
954
3
30
131
193
243
251
299
329
331
383
449
483
590
605
617
620
757
791
810
882
910
953
972
169
276
284
349
515
551
614
624
659
792
821
838
857
958
3
30
131
299
329
331
404
605
732
793
832
835
866
882
953
141
158
197
236
240
254
312
339
387
423
434
452
474
529
719
735
794
848
912
922
949
995
340
430
520
649
795
812
935
222
321
414
577
645
796
27
179
237
241
396
417
457
487
507
536
564
568
654
675
686
718
729
769
797
802
841
874
917
946
80
99
220
233
358
398
403
454
485
518
537
546
653
655
680
711
716
743
768
783
798
801
920
970
57
101
168
214
247
274
495
576
591
598
618
799
843
865
928
938
124
151
228
282
342
384
449
483
620
652
757
800
859
861
910
919
972
80
99
100
220
233
358
398
403
473
485
537
546
655
716
743
768
798
801
920
965
980
24
31
104
117
179
237
241
248
396
417
457
487
507
564
568
654
675
686
718
769
797
802
841
874
917
946
10
42
98
146
164
297
386
406
407
459
530
555
583
612
745
750
779
788
803
853
864
130
144
166
174
189
304
378
419
447
453
468
616
702
804
814
875
902
940
0
20
87
93
108
159
198
215
224
416
489
569
593
667
723
805
59
113
170
187
291
373
462
472
479
553
595
725
771
806
825
827
891
894
927
147
232
260
263
275
365
454
513
518
599
653
680
697
709
711
756
783
787
807
926
957
970
4
6
26
128
266
539
628
694
759
772
784
808
849
850
871
892
968
969
981
7
58
114
118
206
379
410
465
570
670
753
809
851
947
997
3
30
131
193
243
251
299
329
331
383
449
483
590
605
617
620
757
791
810
882
953
972
23
92
125
325
486
488
490
610
736
811
955
987
235
264
340
392
430
520
649
795
812
932
935
65
86
134
253
300
375
436
456
460
526
535
584
625
636
663
749
770
773
813
897
903
930
945
951
964
130
144
166
174
189
304
378
419
447
453
468
616
702
804
814
875
902
940
18
145
249
380
426
445
516
613
685
687
720
815
863
904
907
923
960
996
225
286
528
603
647
748
816
925
988
992
120
165
235
264
392
701
817
918
932
990
28
48
70
153
186
250
307
315
346
458
463
491
505
523
558
600
690
691
706
715
818
822
948
32
66
89
111
136
200
205
230
301
308
330
338
374
512
525
557
560
637
644
707
766
819
867
896
908
956
983
112
152
172
173
175
196
316
347
411
450
471
493
517
633
681
724
726
820
844
873
893
978
169
276
284
515
614
659
792
821
838
857
958
28
48
70
153
186
213
250
273
307
346
401
458
482
491
505
523
558
600
676
690
706
715
818
822
916
948
39
76
194
320
356
443
548
574
623
661
669
728
733
823
840
842
854
886
887
890
98
106
146
213
273
386
401
406
422
459
482
530
676
706
708
824
916
59
75
170
187
211
361
373
462
526
636
658
725
770
806
825
891
894
930
951
17
41
91
110
115
192
229
582
635
683
727
826
931
29
105
113
170
190
201
238
259
291
408
472
479
500
553
595
601
704
713
725
771
785
806
827
927
2
53
77
126
141
240
254
312
355
431
440
467
508
509
538
631
679
703
828
216
421
585
829
121
156
245
286
287
405
514
596
609
647
748
789
790
830
925
954
34
371
532
549
657
744
831
883
3
30
131
299
329
331
404
605
732
793
832
835
866
882
953
288
352
419
604
662
696
702
752
833
884
899
900
950
986
8
68
112
139
142
175
278
316
347
411
427
450
492
587
651
767
834
974
984
111
136
205
230
308
330
374
404
707
732
793
832
835
866
908
983
1
41
163
176
182
244
279
283
322
391
571
727
758
836
971
180
643
837
169
276
334
349
354
550
551
614
624
659
792
821
838
857
96
107
168
177
207
214
247
293
298
353
360
425
469
501
524
598
615
656
682
731
760
776
839
889
928
975
982
39
95
123
127
194
320
357
527
574
580
623
630
669
751
761
777
823
840
842
854
878
887
31
104
117
179
237
241
248
396
417
457
487
507
564
568
654
675
686
718
729
769
797
802
841
874
917
946
39
49
95
123
127
160
194
208
320
335
357
475
527
574
580
630
669
751
761
777
823
840
842
854
878
887
57
101
107
168
207
214
247
274
298
353
425
495
576
591
598
618
776
799
843
865
928
112
172
173
175
196
316
347
411
450
471
493
517
633
681
724
726
820
844
873
974
978
15
96
177
188
223
293
324
360
469
501
502
522
524
607
656
672
765
845
889
982
50
150
199
219
262
400
554
559
626
665
846
895
966
184
257
464
847
158
197
236
240
254
312
339
387
423
434
452
474
529
719
735
794
848
912
922
949
995
4
21
26
142
494
539
540
587
628
694
759
767
772
808
849
850
871
892
968
981
984
4
21
26
142
494
539
540
628
694
759
767
772
808
849
850
871
892
968
969
981
984
7
58
114
118
174
206
410
447
465
468
570
670
689
809
851
862
902
940
947
191
267
271
433
477
542
688
852
10
42
43
49
88
95
123
127
160
164
208
297
335
357
407
475
527
555
612
630
745
750
751
761
777
779
788
803
853
878
39
49
95
123
127
160
194
208
320
335
357
475
527
580
630
669
751
761
777
823
840
842
854
878
887
69
84
85
337
393
420
424
571
578
606
642
650
660
700
730
734
855
870
900
61
67
81
100
269
292
294
348
367
455
534
627
739
778
781
856
880
909
959
980
985
169
276
284
349
515
551
614
624
659
792
821
838
857
958
395
439
464
579
858
124
151
228
282
342
384
449
483
620
652
757
800
859
861
910
919
972
38
180
252
265
692
860
36
124
140
151
218
228
282
317
323
342
384
634
652
671
780
800
859
861
919
7
58
114
118
166
174
378
447
453
465
468
670
689
851
862
902
940
18
145
249
380
426
445
516
613
685
687
720
815
863
904
923
996
10
42
98
106
146
164
297
386
406
407
459
530
583
612
745
750
779
788
803
864
101
274
359
531
576
591
618
632
799
843
865
905
938
952
30
131
136
299
329
331
404
605
732
793
832
835
866
882
953
32
37
44
66
89
94
143
200
227
246
338
370
438
441
444
512
521
525
557
560
586
588
637
640
644
766
819
867
888
896
956
979
87
108
125
429
486
488
489
736
868
933
202
217
234
334
354
363
364
550
741
869
1
69
84
337
393
420
571
578
606
642
650
660
730
734
855
870
4
21
26
494
539
540
628
694
759
767
772
808
849
850
871
892
968
969
981
984
261
872
112
152
172
173
175
196
316
347
411
450
471
493
517
633
681
724
726
820
844
873
893
974
978
6
27
109
135
179
237
266
396
417
487
507
536
564
654
675
718
729
769
797
802
841
874
946
130
144
166
189
288
304
378
419
453
616
662
702
804
814
875
899
14
210
226
258
296
310
362
409
437
451
561
581
594
629
666
699
876
885
911
963
212
231
242
382
415
589
639
710
782
877
10
39
42
43
49
88
95
123
127
160
164
208
335
357
475
527
555
580
612
630
751
761
777
788
840
842
853
854
878
122
202
217
234
350
364
368
511
552
562
565
741
879
55
61
67
81
100
149
269
292
294
348
367
455
534
627
739
778
781
856
880
909
959
980
985
5
33
46
74
83
119
209
239
277
290
332
481
496
544
567
755
774
881
3
30
131
193
243
251
299
329
331
404
590
605
617
732
791
793
810
832
866
882
953
371
532
549
664
744
831
883
998
85
288
337
352
424
578
604
650
696
700
752
833
884
899
900
950
986
14
55
61
149
296
310
362
409
534
561
581
594
627
778
781
876
885
911
959
963
985
11
76
138
194
203
289
356
402
442
443
541
548
574
582
623
661
669
678
728
733
786
823
886
890
39
95
123
127
194
320
357
527
574
580
623
630
669
751
761
823
840
842
854
887
32
37
44
66
89
94
143
200
227
246
338
370
376
385
438
441
444
512
521
525
557
560
586
588
637
640
766
867
888
896
956
979
15
96
177
188
293
360
469
501
522
524
615
656
682
731
760
839
845
889
975
982
11
76
138
194
203
289
356
402
442
443
541
548
574
582
623
661
669
678
728
733
786
823
886
890
59
75
113
170
187
211
361
373
462
472
595
636
658
725
806
825
891
894
4
21
26
128
494
539
540
628
694
759
772
784
808
849
850
871
892
968
969
981
56
152
161
172
173
336
381
493
498
517
681
705
724
726
820
873
893
915
929
978
59
75
170
187
211
361
373
462
526
636
658
725
770
806
825
891
894
930
951
50
150
199
219
262
400
554
559
665
846
895
966
32
44
66
89
94
143
200
205
227
246
301
308
330
338
370
438
441
444
512
521
525
557
560
586
588
637
644
707
766
819
867
888
896
956
979
65
86
134
253
300
318
333
375
399
436
456
460
535
563
584
625
663
749
773
813
897
901
903
945
964
993
52
366
382
415
710
737
782
898
144
189
288
352
419
604
662
702
752
833
875
884
899
950
986
69
85
337
352
424
578
604
606
650
660
696
700
734
833
855
884
900
950
986
86
253
318
333
399
436
456
460
478
499
503
563
584
634
749
780
897
901
903
945
964
993
7
58
114
166
174
304
378
447
453
465
468
670
689
804
814
851
862
902
940
65
86
134
253
300
318
375
436
456
460
526
535
563
584
625
663
749
770
773
813
897
901
903
930
945
964
993
249
380
388
445
476
516
613
685
720
815
863
904
907
923
960
37
359
376
385
531
618
632
640
865
905
938
952
82
195
305
418
533
622
906
79
319
388
445
476
504
693
720
815
904
907
923
960
997
32
111
136
205
230
301
308
330
338
374
512
525
557
637
644
707
732
766
819
835
908
956
983
61
67
81
100
269
292
294
348
367
455
534
627
739
781
856
880
909
959
980
985
151
228
251
342
383
449
483
590
617
620
757
791
800
859
910
972
14
55
149
210
226
258
296
310
362
409
451
561
581
594
629
666
699
876
885
911
963
158
197
236
240
254
312
339
387
423
434
452
474
529
719
735
794
848
912
922
949
995
9
19
62
222
321
414
913
936
63
116
185
343
448
608
611
657
914
56
152
161
173
285
315
336
381
463
493
498
691
705
742
893
915
929
48
70
106
153
213
250
273
307
346
401
422
482
491
505
558
600
676
706
708
715
822
824
916
948
24
31
104
117
179
241
248
396
397
417
457
487
507
564
568
654
675
686
712
718
754
769
797
802
841
917
946
120
165
235
264
392
701
817
918
932
990
36
124
140
151
218
228
282
317
323
342
384
499
634
652
671
780
800
859
861
919
80
99
220
233
358
398
403
473
485
518
537
546
655
716
743
768
798
801
920
965
921
2
77
141
158
197
236
240
254
312
339
387
423
434
452
467
474
509
631
719
735
794
848
912
922
995
249
319
380
388
445
476
504
516
613
685
693
720
815
863
904
907
923
960
924
225
286
603
647
748
789
790
816
830
925
992
147
232
260
263
275
365
454
513
545
599
621
680
697
709
714
756
787
807
926
957
970
977
29
105
113
190
201
238
259
291
397
408
472
479
500
553
595
601
704
713
771
785
806
827
927
57
101
107
168
207
214
247
274
298
353
425
495
576
591
598
615
682
731
776
799
839
843
928
975
56
152
161
172
173
285
336
381
493
498
517
705
724
726
742
893
915
929
978
65
75
134
187
211
300
361
375
460
526
535
625
636
658
663
770
773
813
825
894
903
930
951
17
91
110
115
138
192
229
289
402
582
635
678
683
786
826
931
235
264
392
430
520
649
812
817
918
932
935
990
20
87
108
159
416
429
489
569
593
667
868
933
18
145
380
426
466
506
519
684
685
687
934
996
235
264
340
392
430
520
649
795
812
932
935
9
19
62
222
321
414
913
936
937
37
101
359
376
385
531
618
632
799
865
905
938
952
78
148
178
225
302
528
597
602
603
746
939
988
7
58
114
130
166
174
304
378
447
453
468
670
689
804
814
851
862
902
940
12
25
446
497
510
566
941
154
155
311
747
942
943
989
991
154
183
311
747
942
943
16
22
40
73
328
394
519
529
556
684
944
949
86
134
253
300
318
333
375
399
436
456
460
563
584
625
663
749
773
813
897
901
903
945
964
993
27
179
237
241
396
417
457
487
507
536
564
654
675
686
718
729
769
797
802
841
874
917
946
7
58
79
118
206
319
379
410
465
504
570
693
753
809
851
947
997
28
48
70
153
186
213
250
273
307
346
401
482
491
505
523
558
600
676
690
706
715
818
822
916
948
16
22
40
158
236
394
434
529
556
735
794
848
912
944
949
995
85
288
352
419
424
604
662
696
700
702
752
833
884
899
900
950
986
65
75
134
187
211
300
361
375
460
526
535
625
636
658
663
770
773
813
825
894
930
951
37
44
94
246
359
376
385
441
531
618
632
640
865
905
938
952
979
3
30
131
193
243
251
299
329
331
404
590
605
617
732
791
793
810
832
866
882
953
121
126
156
204
245
287
405
461
508
514
596
609
789
790
830
954
23
92
302
325
490
572
597
610
746
811
955
987
32
66
89
111
200
205
227
230
301
308
330
338
444
512
525
557
560
586
637
644
707
766
819
867
888
896
908
956
983
147
232
263
275
324
365
513
545
599
621
697
709
714
756
765
807
926
957
977
169
276
284
313
515
614
659
792
821
857
958
14
55
61
81
149
269
296
310
348
362
367
409
455
534
561
627
739
778
781
856
880
885
909
959
963
985
79
319
388
445
476
504
693
720
815
904
907
923
960
997
5
33
46
74
209
332
350
368
481
496
511
544
565
567
674
961
45
97
119
132
133
239
290
306
480
484
592
619
641
668
762
774
962
14
55
61
149
210
258
296
310
362
409
451
561
581
594
629
778
876
885
911
959
963
985
65
86
134
253
300
318
333
375
399
436
456
460
535
563
584
625
663
749
773
813
897
901
903
945
964
993
67
80
99
100
233
292
358
398
403
473
485
546
655
716
801
920
965
980
50
219
400
554
559
626
846
895
966
547
738
967
4
21
26
128
494
539
540
628
694
759
767
772
784
808
849
850
871
892
968
969
981
4
6
109
128
266
539
628
694
759
772
784
808
850
871
892
968
969
981
147
220
232
260
263
275
365
454
513
518
537
653
680
697
709
711
743
756
768
783
787
798
807
926
970
1
84
163
176
182
244
279
283
322
391
420
571
727
730
758
836
971
151
193
228
243
251
342
383
449
483
590
617
620
757
791
800
810
859
910
972
63
72
185
313
608
611
673
973
976
8
68
112
139
142
175
196
278
316
347
411
427
450
471
492
587
633
651
834
844
873
974
15
96
107
168
177
188
207
293
298
353
360
425
469
501
522
524
615
656
682
731
760
776
839
889
928
975
982
63
72
116
185
313
608
611
673
973
976
147
232
263
275
324
502
545
599
621
714
765
926
957
977
152
172
173
175
196
411
450
471
493
517
633
681
705
724
726
820
844
873
893
929
978
37
44
66
89
94
143
200
227
246
359
370
376
385
438
441
444
521
560
586
588
632
640
867
888
896
952
979
67
81
99
100
292
294
358
398
455
473
546
655
801
856
880
909
965
980
4
21
26
128
494
539
540
628
694
759
772
784
808
849
850
871
892
968
969
981
15
96
177
188
223
293
360
469
501
522
524
615
656
682
731
760
839
845
889
975
982
32
66
111
136
200
205
230
301
308
330
338
374
512
525
557
637
644
707
766
819
835
908
956
983
8
21
26
68
139
142
278
427
492
494
540
587
628
651
694
759
767
834
849
850
871
984
14
55
61
81
149
269
294
296
310
348
362
367
409
455
534
561
627
739
778
781
856
880
885
909
959
963
985
85
288
337
352
424
578
604
650
696
700
752
833
884
899
900
950
986
23
92
325
486
490
572
610
811
955
987
78
148
178
225
528
602
603
816
939
988
992
155
256
311
575
942
989
991
120
165
235
264
392
701
817
918
932
990
155
256
268
575
942
989
991
225
286
528
603
647
748
816
925
988
992
86
140
253
318
333
399
436
456
460
478
499
503
563
584
634
749
780
897
901
903
945
964
993
51
994
158
197
236
339
387
394
423
434
452
474
529
719
735
794
848
912
922
949
995
18
145
249
380
426
466
506
516
519
613
684
685
687
815
863
934
996
79
118
206
319
379
388
410
476
504
570
693
753
809
907
947
960
997
13
103
371
532
664
737
744
883
998
