0
1
212
424
636
0
1
2
211
212
213
214
423
424
425
426
635
636
637
638
847
848
849
850
1
2
3
210
211
212
213
214
215
422
423
424
425
426
427
635
636
637
638
639
640
847
848
849
850
851
852
2
3
4
210
211
212
213
214
215
216
422
423
424
425
426
427
428
634
635
636
637
638
639
640
641
846
847
848
849
850
851
852
853
3
4
5
210
214
215
216
217
422
427
428
429
430
634
639
640
641
642
846
851
852
853
854
4
5
6
209
216
217
218
428
429
430
431
634
640
641
642
643
846
852
853
854
855
5
6
7
209
217
218
219
421
429
430
431
432
641
642
643
644
846
853
854
855
856
6
7
8
209
218
219
220
421
430
431
432
433
633
642
643
644
645
854
855
856
857
7
8
9
219
220
221
421
431
432
433
434
633
643
644
645
646
845
856
857
858
8
9
10
220
221
222
432
433
434
435
633
644
645
646
647
845
857
858
859
9
10
11
221
222
223
433
434
435
436
645
646
647
648
845
858
859
860
10
11
12
208
222
223
224
434
435
436
437
646
647
648
649
859
860
861
11
12
13
208
223
224
225
420
435
436
437
438
647
648
649
650
860
861
862
12
13
14
208
224
225
226
420
436
437
438
439
648
649
650
651
861
862
863
13
14
15
225
226
227
420
437
438
439
440
632
649
650
651
652
862
863
864
14
15
16
226
227
228
420
438
439
440
441
632
650
651
652
653
863
864
865
15
16
17
227
228
229
439
440
441
442
632
651
652
653
654
844
864
865
866
16
17
18
228
229
230
440
441
442
443
632
652
653
654
655
844
865
866
867
17
18
19
229
230
231
441
442
443
444
653
654
655
656
844
866
867
868
18
19
20
230
231
232
442
443
444
445
654
655
656
657
844
867
868
869
19
20
21
231
232
233
443
444
445
446
655
656
657
658
867
868
869
870
20
21
22
232
233
234
444
445
446
447
656
657
658
659
868
869
870
871
21
22
23
207
233
234
235
236
445
446
447
448
657
658
659
660
869
870
871
872
22
23
24
207
234
235
236
237
446
447
448
449
658
659
660
661
870
871
872
873
23
24
25
207
235
236
237
238
419
447
448
449
450
659
660
661
662
871
872
873
874
24
25
26
236
237
238
239
419
448
449
450
451
660
661
662
663
872
873
874
875
25
26
27
237
238
239
240
419
449
450
451
452
661
662
663
664
873
874
875
876
26
27
28
238
239
240
241
419
450
451
452
453
662
663
664
665
874
875
876
877
27
28
29
239
240
241
242
451
452
453
454
631
663
664
665
666
875
876
877
878
28
29
30
240
241
242
243
452
453
454
455
631
664
665
666
667
876
877
878
879
29
30
31
241
242
243
244
453
454
455
456
631
665
666
667
668
877
878
879
880
30
31
32
242
243
244
245
454
455
456
457
666
667
668
669
843
878
879
880
881
31
32
33
243
244
245
246
455
456
457
458
667
668
669
670
843
879
880
881
882
32
33
34
244
245
246
247
456
457
458
459
668
669
670
671
843
880
881
882
883
33
34
35
245
246
247
248
457
458
459
460
669
670
671
672
843
881
882
883
884
34
35
36
246
247
248
249
458
459
460
461
670
671
672
673
882
883
884
885
35
36
37
247
248
249
250
459
460
461
462
671
672
673
674
883
884
885
886
36
37
38
248
249
250
251
460
461
462
463
672
673
674
675
884
885
886
887
37
38
39
249
250
251
252
461
462
463
464
673
674
675
676
885
886
887
888
38
39
40
206
250
251
252
253
462
463
464
465
674
675
676
677
886
887
888
889
39
40
41
206
251
252
253
254
463
464
465
466
675
676
677
678
887
888
889
890
40
41
42
206
252
253
254
255
464
465
466
467
676
677
678
679
888
889
890
891
41
42
43
206
253
254
255
256
465
466
467
468
677
678
679
680
889
890
891
892
42
43
44
254
255
256
257
466
467
468
469
678
679
680
681
890
891
892
893
43
44
45
255
256
257
258
418
467
468
469
470
679
680
681
682
891
892
893
894
44
45
46
256
257
258
259
418
468
469
470
471
680
681
682
683
892
893
894
895
45
46
47
257
258
259
260
418
469
470
471
472
681
682
683
684
893
894
895
896
46
47
48
258
259
260
261
470
471
472
473
682
683
684
685
894
895
896
897
47
48
49
259
260
261
262
471
472
473
474
630
683
684
685
686
895
896
897
898
48
49
50
260
261
262
263
472
473
474
475
630
684
685
686
687
896
897
898
899
49
50
51
261
262
263
264
473
474
475
476
630
685
686
687
688
897
898
899
900
50
51
52
262
263
264
265
474
475
476
477
630
686
687
688
689
898
899
900
901
51
52
53
263
264
265
266
475
476
477
478
687
688
689
690
899
900
901
902
52
53
54
264
265
266
267
476
477
478
479
688
689
690
691
842
900
901
902
903
53
54
55
265
266
267
268
477
478
479
480
689
690
691
692
842
901
902
903
904
54
55
56
266
267
268
269
478
479
480
481
690
691
692
693
842
902
903
904
905
55
56
57
267
268
269
270
479
480
481
482
691
692
693
694
842
903
904
905
906
56
57
58
268
269
270
271
480
481
482
483
692
693
694
695
904
905
906
907
57
58
59
269
270
271
272
481
482
483
484
693
694
695
696
905
906
907
908
58
59
60
270
271
272
273
482
483
484
485
694
695
696
697
906
907
908
909
59
60
61
271
272
273
274
483
484
485
486
695
696
697
698
907
908
909
910
60
61
62
272
273
274
275
484
485
486
487
696
697
698
699
908
909
910
911
61
62
63
273
274
275
276
485
486
487
488
697
698
699
700
909
910
911
912
62
63
64
274
275
276
277
486
487
488
489
698
699
700
701
910
911
912
913
63
64
65
205
275
276
277
278
487
488
489
490
699
700
701
702
911
912
913
914
64
65
66
205
276
277
278
279
488
489
490
491
700
701
702
703
912
913
914
915
65
66
67
205
277
278
279
280
489
490
491
492
701
702
703
704
913
914
915
916
66
67
68
205
278
279
280
281
490
491
492
493
702
703
704
705
914
915
916
917
67
68
69
279
280
281
282
491
492
493
494
703
704
705
706
915
916
917
918
68
69
70
280
281
282
283
492
493
494
495
704
705
706
707
916
917
918
919
69
70
71
281
282
283
284
417
493
494
495
496
705
706
707
708
917
918
919
920
70
71
72
282
283
284
285
417
494
495
496
497
706
707
708
709
918
919
920
921
71
72
73
283
284
285
286
417
495
496
497
498
707
708
709
710
919
920
921
922
72
73
74
284
285
286
287
417
496
497
498
499
708
709
710
711
920
921
922
923
73
74
75
285
286
287
288
497
498
499
500
709
710
711
712
921
922
923
924
74
75
76
286
287
288
289
498
499
500
501
710
711
712
713
922
923
924
925
75
76
77
287
288
289
290
499
500
501
502
629
711
712
713
714
923
924
925
926
76
77
78
288
289
290
291
500
501
502
503
629
712
713
714
715
924
925
926
927
77
78
79
289
290
291
292
501
502
503
504
629
713
714
715
716
925
926
927
928
78
79
80
290
291
292
293
502
503
504
505
714
715
716
717
926
927
928
929
79
80
81
291
292
293
294
503
504
505
506
715
716
717
718
927
928
929
930
80
81
82
292
293
294
295
504
505
506
507
716
717
718
719
841
928
929
930
931
81
82
83
293
294
295
296
505
506
507
508
717
718
719
720
841
929
930
931
932
82
83
84
294
295
296
297
506
507
508
509
718
719
720
721
841
930
931
932
933
83
84
85
295
296
297
298
507
508
509
510
719
720
721
722
841
931
932
933
934
84
85
86
296
297
298
299
508
509
510
511
720
721
722
723
932
933
934
935
85
86
87
297
298
299
300
509
510
511
512
721
722
723
724
933
934
935
936
86
87
88
298
299
300
301
510
511
512
513
722
723
724
725
934
935
936
937
87
88
89
299
300
301
302
511
512
513
514
723
724
725
726
935
936
937
938
88
89
90
300
301
302
303
512
513
514
515
724
725
726
727
936
937
938
939
89
90
91
301
302
303
513
514
515
516
725
726
727
728
937
938
939
940
90
91
92
302
303
304
514
515
516
517
726
727
728
729
938
939
940
941
91
92
93
303
304
305
515
516
517
518
727
728
729
730
939
940
941
942
92
93
94
204
304
305
306
516
517
518
519
728
729
730
731
941
942
943
93
94
95
204
305
306
307
517
518
519
520
729
730
731
732
942
943
944
94
95
96
204
306
307
308
518
519
520
521
730
731
732
733
943
944
945
95
96
97
204
307
308
309
519
520
521
522
731
732
733
734
944
945
946
96
97
98
308
309
310
520
521
522
523
732
733
734
735
945
946
947
97
98
99
309
310
311
521
522
523
524
733
734
735
736
946
947
948
98
99
100
310
311
312
416
522
523
524
525
734
735
736
737
947
948
949
99
100
101
311
312
313
416
523
524
525
735
736
737
738
948
949
950
100
101
102
312
313
314
416
524
525
526
736
737
738
739
949
950
951
101
102
103
313
314
315
525
526
527
738
739
740
950
951
952
102
103
104
314
315
316
526
527
528
739
740
741
951
952
953
103
104
105
315
316
317
527
528
529
628
740
741
742
952
953
954
104
105
106
316
317
318
528
529
530
628
741
742
743
953
954
955
105
106
107
317
318
319
529
530
531
628
742
743
954
955
956
106
107
108
318
319
320
530
531
532
743
744
955
956
957
107
108
109
319
320
321
532
533
744
745
840
956
957
958
108
109
110
320
321
322
533
534
745
746
840
957
958
959
109
110
111
321
322
323
534
535
746
747
840
958
959
960
110
111
112
322
323
324
535
536
747
748
959
960
111
112
113
324
325
536
537
748
749
960
961
112
113
114
325
326
537
538
749
750
961
962
113
114
115
326
327
538
539
750
751
962
963
114
115
327
328
539
540
751
752
963
964
116
203
328
329
540
541
752
753
964
965
117
203
329
330
541
542
753
754
965
966
118
330
415
542
543
754
755
966
967
119
331
415
543
544
755
756
967
968
120
332
544
545
756
757
969
121
333
545
546
627
757
758
970
122
334
546
758
759
839
971
123
335
547
760
839
972
124
336
548
761
973
125
202
337
549
974
126
338
414
975
127
339
626
976
128
340
838
977
129
201
341
978
130
342
625
131
200
1000
132
133
134
621
833
135
194
406
136
190
402
614
826
137
183
395
396
607
608
820
138
174
175
386
387
598
599
811
139
165
166
377
378
589
590
802
803
140
157
158
159
370
371
582
583
794
795
141
152
153
353
364
365
366
576
577
578
789
790
990
142
148
149
150
354
360
361
362
566
573
574
779
785
786
787
991
997
998
999
143
144
145
146
147
148
355
356
357
358
359
360
567
568
569
570
571
572
779
780
781
782
783
784
785
992
993
994
995
996
997
143
144
145
146
147
355
356
357
358
359
568
569
570
571
780
781
782
783
784
992
993
994
995
996
143
144
145
146
147
355
356
357
358
359
568
569
570
571
780
781
782
783
784
992
993
994
995
996
143
144
145
146
147
355
356
357
358
359
360
567
568
569
570
571
572
780
781
782
783
784
992
993
994
995
996
143
144
145
146
147
148
355
356
357
358
359
360
567
568
569
570
571
572
779
780
781
782
783
784
785
992
993
994
995
996
997
142
143
147
148
149
355
359
360
361
567
571
572
573
779
783
784
785
786
991
992
996
997
998
142
148
149
150
354
360
361
362
567
572
573
574
779
785
786
991
997
998
999
142
149
150
151
354
361
362
363
566
574
575
778
786
787
998
999
150
151
152
354
362
363
364
566
575
576
778
787
788
990
999
141
151
152
153
363
364
365
576
577
778
788
789
990
141
152
153
154
353
364
365
366
577
578
789
790
990
153
154
155
353
365
366
367
565
578
579
790
791
154
155
156
367
368
565
579
580
777
791
792
155
156
157
368
369
580
581
777
792
793
989
140
156
157
158
369
370
581
582
793
794
989
140
157
158
159
370
371
582
583
794
795
140
158
159
160
352
371
372
583
584
795
796
159
160
161
352
372
373
564
584
585
796
797
160
161
162
373
374
564
585
586
797
798
161
162
163
374
375
586
587
776
798
799
162
163
164
375
376
587
588
776
799
800
988
163
164
165
376
377
588
589
800
801
988
139
164
165
166
377
378
589
590
801
802
139
165
166
167
378
379
590
591
802
803
166
167
168
351
379
380
591
592
803
804
167
168
169
351
380
381
563
592
593
804
805
168
169
381
382
563
593
594
805
806
170
382
383
594
595
775
806
807
171
383
384
595
596
775
807
808
172
384
385
596
597
808
809
987
173
385
386
597
598
809
810
987
138
174
386
387
598
599
810
811
138
175
387
388
599
600
811
812
176
350
388
389
600
601
812
813
177
350
389
390
601
602
813
814
178
390
562
602
603
814
815
179
391
603
604
774
815
816
180
392
604
605
774
816
817
181
393
605
606
817
818
986
182
394
606
607
818
819
986
137
183
395
607
608
819
820
184
396
608
609
820
821
185
349
397
609
821
822
186
398
561
610
823
187
399
611
773
824
188
400
612
825
189
401
613
826
985
136
190
402
614
827
191
348
403
615
192
404
560
193
405
984
135
194
406
195
407
559
196
408
983
197
346
198
982
199
981
131
200
1000
129
201
341
978
125
202
550
762
974
116
117
203
328
329
540
541
752
753
965
93
94
95
96
204
306
307
308
518
519
520
730
731
732
942
943
944
945
64
65
66
67
205
276
277
278
279
489
490
491
701
702
703
704
913
914
915
916
39
40
41
42
206
251
252
253
254
464
465
466
676
677
678
679
888
889
890
891
22
23
24
207
234
235
236
446
447
448
449
658
659
660
661
870
871
872
873
11
12
13
208
223
224
225
420
435
436
437
438
647
648
649
650
859
860
861
862
5
6
7
209
217
218
219
421
429
430
431
641
642
643
644
846
853
854
855
856
2
3
4
210
211
212
213
214
215
216
422
423
424
425
426
427
428
634
635
636
637
638
639
640
641
846
847
848
849
850
851
852
853
1
2
3
210
211
212
213
214
215
422
423
424
425
426
427
635
636
637
638
639
847
848
849
850
851
0
1
2
3
210
211
212
213
214
423
424
425
426
427
635
636
637
638
639
847
848
849
850
851
1
2
3
210
211
212
213
214
215
422
423
424
425
426
427
635
636
637
638
639
847
848
849
850
851
1
2
3
4
210
211
212
213
214
215
216
422
423
424
425
426
427
428
634
635
636
637
638
639
640
847
848
849
850
851
852
2
3
4
210
211
213
214
215
216
422
423
425
426
427
428
429
634
635
637
638
639
640
641
846
847
848
849
850
851
852
853
3
4
5
210
214
215
216
217
422
427
428
429
430
634
639
640
641
642
846
851
852
853
854
4
5
6
209
216
217
218
422
428
429
430
634
640
641
642
643
846
852
853
854
855
5
6
7
209
217
218
219
421
429
430
431
641
642
643
644
846
853
854
855
856
6
7
8
209
218
219
220
421
430
431
432
633
642
643
644
645
854
855
856
857
7
8
9
219
220
221
421
431
432
433
633
643
644
645
646
845
855
856
857
858
8
9
10
220
221
222
432
433
434
633
644
645
646
647
845
856
857
858
859
9
10
11
221
222
223
433
434
435
645
646
647
648
845
857
858
859
860
10
11
12
208
222
223
224
434
435
436
646
647
648
649
858
859
860
861
11
12
13
208
223
224
225
435
436
437
647
648
649
650
859
860
861
862
12
13
14
208
224
225
226
420
436
437
438
648
649
650
651
860
861
862
863
13
14
15
225
226
227
420
437
438
439
632
649
650
651
652
861
862
863
864
14
15
16
226
227
228
420
438
439
440
632
650
651
652
653
862
863
864
865
15
16
17
227
228
229
439
440
441
632
651
652
653
654
863
864
865
866
16
17
18
228
229
230
440
441
442
632
652
653
654
655
844
864
865
866
867
17
18
19
229
230
231
441
442
443
653
654
655
656
844
865
866
867
868
18
19
20
230
231
232
442
443
444
654
655
656
657
844
866
867
868
869
19
20
21
231
232
233
443
444
445
655
656
657
658
867
868
869
870
20
21
22
232
233
234
444
445
446
656
657
658
659
868
869
870
871
21
22
23
207
233
234
235
445
446
447
657
658
659
660
869
870
871
872
22
23
24
207
234
235
236
446
447
448
449
658
659
660
661
870
871
872
873
22
23
24
25
207
235
236
237
447
448
449
450
659
660
661
662
871
872
873
874
23
24
25
26
236
237
238
419
448
449
450
451
660
661
662
663
872
873
874
875
24
25
26
27
237
238
239
419
449
450
451
452
661
662
663
664
873
874
875
876
25
26
27
28
238
239
240
419
450
451
452
453
662
663
664
665
874
875
876
877
26
27
28
29
239
240
241
451
452
453
454
631
663
664
665
666
875
876
877
878
27
28
29
30
240
241
242
452
453
454
455
631
664
665
666
667
876
877
878
879
28
29
30
31
241
242
243
453
454
455
456
631
665
666
667
668
877
878
879
880
29
30
31
32
242
243
244
454
455
456
457
666
667
668
669
843
878
879
880
881
30
31
32
33
243
244
245
455
456
457
458
667
668
669
670
843
879
880
881
882
31
32
33
34
244
245
246
456
457
458
459
668
669
670
671
843
880
881
882
883
32
33
34
35
245
246
247
457
458
459
460
669
670
671
672
843
881
882
883
884
33
34
35
36
246
247
248
458
459
460
461
670
671
672
673
882
883
884
885
34
35
36
37
247
248
249
459
460
461
462
671
672
673
674
883
884
885
886
35
36
37
38
248
249
250
460
461
462
463
672
673
674
675
884
885
886
887
36
37
38
39
249
250
251
461
462
463
464
673
674
675
676
885
886
887
888
37
38
39
40
206
250
251
252
462
463
464
465
674
675
676
677
886
887
888
889
38
39
40
41
206
251
252
253
463
464
465
466
675
676
677
678
887
888
889
890
39
40
41
42
206
252
253
254
464
465
466
467
676
677
678
679
888
889
890
891
40
41
42
43
206
253
254
255
465
466
467
468
677
678
679
680
889
890
891
892
41
42
43
44
254
255
256
466
467
468
469
678
679
680
681
890
891
892
893
42
43
44
45
255
256
257
418
467
468
469
470
679
680
681
682
891
892
893
894
43
44
45
46
256
257
258
418
468
469
470
471
680
681
682
683
892
893
894
895
44
45
46
47
257
258
259
418
469
470
471
472
681
682
683
684
893
894
895
896
45
46
47
48
258
259
260
418
470
471
472
473
682
683
684
685
894
895
896
897
46
47
48
49
259
260
261
471
472
473
474
630
683
684
685
686
895
896
897
898
47
48
49
50
260
261
262
472
473
474
475
630
684
685
686
687
896
897
898
899
48
49
50
51
261
262
263
473
474
475
476
630
685
686
687
688
897
898
899
900
49
50
51
52
262
263
264
474
475
476
477
630
686
687
688
689
898
899
900
901
50
51
52
53
263
264
265
475
476
477
478
687
688
689
690
899
900
901
902
51
52
53
54
264
265
266
476
477
478
479
688
689
690
691
842
900
901
902
903
52
53
54
55
265
266
267
477
478
479
480
689
690
691
692
842
901
902
903
904
53
54
55
56
266
267
268
478
479
480
481
690
691
692
693
842
902
903
904
905
54
55
56
57
267
268
269
479
480
481
482
691
692
693
694
842
903
904
905
906
55
56
57
58
268
269
270
480
481
482
483
692
693
694
695
904
905
906
907
56
57
58
59
269
270
271
481
482
483
484
693
694
695
696
905
906
907
908
57
58
59
60
270
271
272
482
483
484
485
694
695
696
697
906
907
908
909
58
59
60
61
271
272
273
483
484
485
486
695
696
697
698
907
908
909
910
59
60
61
62
272
273
274
484
485
486
487
696
697
698
699
908
909
910
911
60
61
62
63
273
274
275
485
486
487
488
697
698
699
700
909
910
911
912
61
62
63
64
274
275
276
486
487
488
489
698
699
700
701
910
911
912
913
62
63
64
65
205
275
276
277
487
488
489
490
699
700
701
702
911
912
913
914
63
64
65
66
205
276
277
278
488
489
490
491
700
701
702
703
912
913
914
915
64
65
66
67
205
277
278
279
489
490
491
492
701
702
703
704
913
914
915
916
65
66
67
68
205
278
279
280
490
491
492
493
702
703
704
705
914
915
916
917
66
67
68
69
279
280
281
491
492
493
494
703
704
705
706
915
916
917
918
67
68
69
70
280
281
282
492
493
494
495
704
705
706
707
916
917
918
919
68
69
70
71
281
282
283
417
493
494
495
496
705
706
707
708
917
918
919
920
69
70
71
72
282
283
284
417
494
495
496
497
706
707
708
709
918
919
920
921
70
71
72
73
283
284
285
417
495
496
497
498
707
708
709
710
919
920
921
922
71
72
73
74
284
285
286
417
496
497
498
499
708
709
710
711
920
921
922
923
72
73
74
75
285
286
287
497
498
499
500
709
710
711
712
921
922
923
924
73
74
75
76
286
287
288
498
499
500
501
710
711
712
713
922
923
924
925
74
75
76
77
287
288
289
499
500
501
502
629
711
712
713
714
923
924
925
926
75
76
77
78
288
289
290
500
501
502
503
629
712
713
714
715
924
925
926
927
76
77
78
79
289
290
291
501
502
503
504
629
713
714
715
716
925
926
927
928
77
78
79
80
290
291
292
502
503
504
505
629
714
715
716
717
926
927
928
929
78
79
80
81
291
292
293
503
504
505
506
715
716
717
718
927
928
929
930
79
80
81
82
292
293
294
504
505
506
507
716
717
718
719
928
929
930
931
80
81
82
83
293
294
295
505
506
507
508
717
718
719
720
841
929
930
931
932
81
82
83
84
294
295
296
506
507
508
509
718
719
720
721
841
930
931
932
933
82
83
84
85
295
296
297
507
508
509
510
719
720
721
722
841
931
932
933
934
83
84
85
86
296
297
298
508
509
510
511
720
721
722
723
932
933
934
935
84
85
86
87
297
298
299
509
510
511
512
721
722
723
724
933
934
935
936
85
86
87
88
298
299
300
510
511
512
513
722
723
724
725
934
935
936
937
86
87
88
89
299
300
301
511
512
513
514
723
724
725
726
935
936
937
938
87
88
89
90
300
301
302
512
513
514
515
724
725
726
727
936
937
938
939
88
89
90
91
301
302
303
513
514
515
725
726
727
728
937
938
939
940
89
90
91
92
302
303
304
514
515
516
726
727
728
729
938
939
940
941
91
92
93
303
304
305
515
516
517
727
728
729
730
939
940
941
942
92
93
94
304
305
306
516
517
518
728
729
730
731
940
941
942
943
93
94
95
204
305
306
307
517
518
519
729
730
731
732
941
942
943
944
94
95
96
204
306
307
308
518
519
520
730
731
732
733
942
943
944
945
95
96
97
204
307
308
309
519
520
521
731
732
733
734
943
944
945
946
96
97
98
308
309
310
520
521
522
732
733
734
735
944
945
946
947
97
98
99
309
310
311
521
522
523
733
734
735
736
945
946
947
948
98
99
100
310
311
312
416
522
523
524
734
735
736
737
946
947
948
949
99
100
101
311
312
313
416
523
524
525
735
736
737
947
948
949
950
100
101
102
312
313
314
416
524
525
526
736
737
738
948
949
950
951
101
102
103
313
314
315
525
526
527
737
738
739
949
950
951
952
102
103
104
314
315
316
526
527
528
738
739
740
951
952
953
103
104
105
315
316
317
527
528
529
628
739
740
741
952
953
954
104
105
106
316
317
318
528
529
530
628
740
741
742
953
954
955
105
106
107
317
318
319
529
530
531
628
741
742
743
954
955
106
107
108
318
319
320
530
531
532
742
743
744
955
956
107
108
109
319
320
321
531
532
533
744
745
840
956
957
108
109
110
320
321
322
532
533
534
745
746
840
957
958
109
110
111
321
322
323
533
534
535
746
747
840
958
959
110
111
322
323
324
534
535
536
747
748
959
960
111
112
323
324
325
535
536
537
748
749
960
961
112
113
324
325
326
537
538
749
750
961
962
113
114
325
326
327
538
539
750
751
962
963
114
115
326
327
539
540
751
752
963
964
115
116
203
328
540
541
752
753
964
965
116
117
203
329
541
542
753
754
965
966
117
118
330
542
543
754
755
966
967
119
331
415
543
755
756
967
968
120
332
544
756
757
968
969
121
333
545
627
757
758
969
970
122
334
546
758
970
971
123
335
547
759
839
972
124
336
548
760
973
125
337
549
761
126
338
550
127
339
551
626
128
340
552
838
129
201
341
553
130
342
554
625
343
344
836
345
835
197
346
409
347
407
619
831
191
348
403
615
827
185
349
397
609
821
176
177
350
388
389
600
601
813
167
168
351
379
380
591
592
803
804
159
160
352
371
372
583
584
795
796
797
141
153
154
353
365
366
565
577
578
579
789
790
791
142
149
150
151
354
361
362
363
566
573
574
575
785
786
787
991
998
999
143
144
145
146
147
148
355
356
357
358
359
360
567
568
569
570
571
572
573
779
780
781
782
783
784
785
991
992
993
994
995
996
997
143
144
145
146
147
355
356
357
358
359
568
569
570
571
572
780
781
782
783
784
992
993
994
995
996
143
144
145
146
147
355
356
357
358
359
568
569
570
571
780
781
782
783
992
993
994
995
996
143
144
145
146
147
355
356
357
358
359
567
568
569
570
571
572
780
781
782
783
784
992
993
994
995
996
143
144
145
146
147
148
355
356
357
358
359
360
567
568
569
570
571
572
779
780
781
782
783
784
785
992
993
994
995
996
997
142
143
146
147
148
149
355
359
360
361
567
568
571
572
573
779
780
783
784
785
991
992
995
996
997
998
142
148
149
150
354
360
361
362
567
572
573
574
779
784
785
786
991
997
998
142
149
150
151
354
361
362
363
566
573
574
575
778
786
787
991
998
999
150
151
152
354
362
363
364
566
574
575
576
778
787
788
990
999
141
151
152
153
363
364
365
575
576
577
778
788
789
990
141
152
153
154
353
364
365
366
576
577
578
789
790
990
141
153
154
353
365
366
367
565
577
578
579
790
791
154
155
366
367
368
565
579
580
777
791
792
155
156
367
368
369
580
581
777
792
793
989
156
157
368
369
370
581
582
793
794
989
140
157
158
369
370
371
582
583
794
795
989
140
158
159
352
370
371
372
583
584
795
796
159
160
352
371
372
373
564
584
585
796
797
160
161
372
373
374
564
585
586
797
798
161
162
373
374
375
564
586
587
776
798
799
162
163
374
375
376
587
588
776
799
800
988
163
164
375
376
377
588
589
800
801
988
139
164
165
376
377
378
589
590
801
802
988
139
165
166
377
378
379
590
591
802
803
166
167
351
378
379
380
591
592
803
804
167
168
351
379
380
381
592
593
804
805
168
169
380
381
563
593
594
805
806
169
170
382
563
594
595
775
806
807
170
171
383
595
596
775
807
808
171
172
384
596
597
808
809
987
172
173
385
597
598
809
810
987
138
173
174
386
598
599
810
811
138
174
175
387
599
600
811
812
175
176
350
388
600
601
812
813
176
177
350
389
601
602
813
814
177
178
390
562
602
603
814
815
179
391
562
603
815
816
180
392
604
774
816
817
181
393
605
817
818
986
182
394
606
818
819
986
137
183
395
607
819
820
137
184
396
608
820
821
185
349
397
609
821
186
398
561
610
822
187
399
611
823
188
400
612
773
824
189
401
613
825
985
136
190
402
614
826
191
348
403
615
827
192
404
560
616
193
405
617
772
135
194
406
618
195
347
407
619
196
408
620
771
346
409
410
982
411
769
412
768
980
413
554
766
126
414
763
975
118
119
331
415
543
755
756
967
968
99
100
101
311
312
313
416
523
524
525
735
736
737
738
947
948
949
950
70
71
72
73
282
283
284
285
417
494
495
496
497
706
707
708
709
919
920
921
44
45
46
256
257
258
259
418
468
469
470
471
680
681
682
683
892
893
894
895
24
25
26
27
237
238
239
419
449
450
451
661
662
663
664
873
874
875
876
12
13
14
15
208
225
226
227
420
437
438
439
649
650
651
861
862
863
864
6
7
8
209
218
219
220
421
430
431
432
633
642
643
644
645
854
855
856
857
2
3
4
210
211
213
214
215
216
217
422
423
425
426
427
428
429
634
635
638
639
640
641
846
847
850
851
852
853
1
2
3
210
211
212
213
214
215
422
423
424
425
426
427
635
636
637
638
639
847
848
849
850
851
0
1
2
3
210
211
212
213
214
423
424
425
426
427
635
636
637
638
639
847
848
849
850
851
1
2
3
210
211
212
213
214
215
422
423
424
425
426
427
635
636
637
638
639
847
848
849
850
851
1
2
3
210
211
212
213
214
215
422
423
424
425
426
427
428
634
635
636
637
638
639
640
847
848
849
850
851
852
2
3
4
210
211
212
213
214
215
216
422
423
424
425
426
427
428
634
635
636
637
638
639
640
641
846
847
848
849
850
851
852
853
3
4
5
210
214
215
216
217
422
426
427
428
429
634
639
640
641
642
846
847
851
852
853
854
4
5
6
209
215
216
217
218
422
428
429
430
634
640
641
642
846
852
853
854
855
4
5
6
7
209
216
217
218
219
421
429
430
431
641
642
643
846
853
854
855
856
5
6
7
8
209
218
219
220
421
430
431
432
633
642
643
644
854
855
856
857
6
7
8
9
219
220
221
421
431
432
433
633
643
644
645
845
855
856
857
858
7
8
9
10
220
221
222
432
433
434
633
644
645
646
845
856
857
858
859
8
9
10
11
221
222
223
433
434
435
645
646
647
845
857
858
859
860
9
10
11
12
208
222
223
224
434
435
436
646
647
648
845
858
859
860
861
10
11
12
13
208
223
224
225
435
436
437
647
648
649
859
860
861
862
11
12
13
14
208
224
225
226
420
436
437
438
648
649
650
860
861
862
863
12
13
14
15
208
225
226
227
420
437
438
439
649
650
651
861
862
863
864
13
14
15
16
226
227
228
420
438
439
440
632
650
651
652
862
863
864
865
14
15
16
17
227
228
229
439
440
441
632
651
652
653
863
864
865
866
15
16
17
18
228
229
230
440
441
442
632
652
653
654
844
864
865
866
867
16
17
18
19
229
230
231
441
442
443
653
654
655
844
865
866
867
868
17
18
19
20
230
231
232
442
443
444
654
655
656
844
866
867
868
869
18
19
20
21
231
232
233
443
444
445
655
656
657
867
868
869
870
19
20
21
22
232
233
234
444
445
446
656
657
658
868
869
870
871
20
21
22
23
207
233
234
235
445
446
447
657
658
659
869
870
871
872
21
22
23
24
207
234
235
236
446
447
448
658
659
660
661
870
871
872
873
22
23
24
25
207
235
236
237
447
448
449
659
660
661
662
871
872
873
874
23
24
25
26
207
235
236
237
238
419
448
449
450
660
661
662
663
872
873
874
875
24
25
26
27
236
237
238
239
419
449
450
451
661
662
663
664
873
874
875
876
25
26
27
28
237
238
239
240
419
450
451
452
662
663
664
665
874
875
876
877
26
27
28
29
238
239
240
241
451
452
453
631
663
664
665
666
875
876
877
878
27
28
29
30
239
240
241
242
452
453
454
631
664
665
666
667
876
877
878
879
28
29
30
31
240
241
242
243
453
454
455
631
665
666
667
668
877
878
879
880
29
30
31
32
241
242
243
244
454
455
456
631
666
667
668
669
843
878
879
880
881
30
31
32
33
242
243
244
245
455
456
457
667
668
669
670
843
879
880
881
882
31
32
33
34
243
244
245
246
456
457
458
668
669
670
671
843
880
881
882
883
32
33
34
35
244
245
246
247
457
458
459
669
670
671
672
843
881
882
883
884
33
34
35
36
245
246
247
248
458
459
460
670
671
672
673
882
883
884
885
34
35
36
37
246
247
248
249
459
460
461
671
672
673
674
883
884
885
886
35
36
37
38
247
248
249
250
460
461
462
672
673
674
675
884
885
886
887
36
37
38
39
248
249
250
251
461
462
463
673
674
675
676
885
886
887
888
37
38
39
40
249
250
251
252
462
463
464
674
675
676
677
886
887
888
889
38
39
40
41
206
250
251
252
253
463
464
465
675
676
677
678
887
888
889
890
39
40
41
42
206
251
252
253
254
464
465
466
676
677
678
679
888
889
890
891
40
41
42
43
206
252
253
254
255
465
466
467
677
678
679
680
889
890
891
892
41
42
43
44
253
254
255
256
466
467
468
678
679
680
681
890
891
892
893
42
43
44
45
254
255
256
257
418
467
468
469
679
680
681
682
891
892
893
894
43
44
45
46
255
256
257
258
418
468
469
470
680
681
682
683
892
893
894
895
44
45
46
47
256
257
258
259
418
469
470
471
681
682
683
684
893
894
895
896
45
46
47
48
257
258
259
260
418
470
471
472
682
683
684
685
894
895
896
897
46
47
48
49
258
259
260
261
471
472
473
683
684
685
686
895
896
897
898
47
48
49
50
259
260
261
262
472
473
474
630
684
685
686
687
896
897
898
899
48
49
50
51
260
261
262
263
473
474
475
630
685
686
687
688
897
898
899
900
49
50
51
52
261
262
263
264
474
475
476
630
686
687
688
689
898
899
900
901
50
51
52
53
262
263
264
265
475
476
477
687
688
689
690
899
900
901
902
51
52
53
54
263
264
265
266
476
477
478
688
689
690
691
842
900
901
902
903
52
53
54
55
264
265
266
267
477
478
479
689
690
691
692
842
901
902
903
904
53
54
55
56
265
266
267
268
478
479
480
690
691
692
693
842
902
903
904
905
54
55
56
57
266
267
268
269
479
480
481
691
692
693
694
842
903
904
905
906
55
56
57
58
267
268
269
270
480
481
482
692
693
694
695
904
905
906
907
56
57
58
59
268
269
270
271
481
482
483
693
694
695
696
905
906
907
908
57
58
59
60
269
270
271
272
482
483
484
694
695
696
697
906
907
908
909
58
59
60
61
270
271
272
273
483
484
485
695
696
697
698
907
908
909
910
59
60
61
62
271
272
273
274
484
485
486
696
697
698
699
908
909
910
911
60
61
62
63
272
273
274
275
485
486
487
697
698
699
700
909
910
911
912
61
62
63
64
273
274
275
276
486
487
488
698
699
700
701
910
911
912
913
62
63
64
65
274
275
276
277
487
488
489
699
700
701
702
911
912
913
914
63
64
65
66
205
275
276
277
278
488
489
490
700
701
702
703
912
913
914
915
64
65
66
67
205
276
277
278
279
489
490
491
701
702
703
704
913
914
915
916
65
66
67
68
205
277
278
279
280
490
491
492
702
703
704
705
914
915
916
917
66
67
68
69
278
279
280
281
491
492
493
703
704
705
706
915
916
917
918
67
68
69
70
279
280
281
282
492
493
494
704
705
706
707
916
917
918
919
68
69
70
71
280
281
282
283
417
493
494
495
705
706
707
708
917
918
919
920
69
70
71
72
281
282
283
284
417
494
495
496
706
707
708
709
918
919
920
921
70
71
72
73
282
283
284
285
417
495
496
497
707
708
709
710
919
920
921
922
71
72
73
74
283
284
285
286
417
496
497
498
708
709
710
711
920
921
922
923
72
73
74
75
284
285
286
287
497
498
499
709
710
711
712
921
922
923
924
73
74
75
76
285
286
287
288
498
499
500
710
711
712
713
922
923
924
925
74
75
76
77
286
287
288
289
499
500
501
629
711
712
713
714
923
924
925
926
75
76
77
78
287
288
289
290
500
501
502
629
712
713
714
715
924
925
926
927
76
77
78
79
288
289
290
291
501
502
503
629
713
714
715
716
925
926
927
928
77
78
79
80
289
290
291
292
502
503
504
629
714
715
716
717
926
927
928
929
78
79
80
81
290
291
292
293
503
504
505
715
716
717
718
927
928
929
930
79
80
81
82
291
292
293
294
504
505
506
716
717
718
719
928
929
930
931
80
81
82
83
292
293
294
295
505
506
507
717
718
719
720
841
929
930
931
932
81
82
83
84
293
294
295
296
506
507
508
718
719
720
721
841
930
931
932
933
82
83
84
85
294
295
296
297
507
508
509
719
720
721
722
841
931
932
933
934
83
84
85
86
295
296
297
298
508
509
510
720
721
722
723
932
933
934
935
84
85
86
87
296
297
298
299
509
510
511
721
722
723
724
933
934
935
936
85
86
87
88
297
298
299
300
510
511
512
722
723
724
725
934
935
936
937
86
87
88
89
298
299
300
301
511
512
513
723
724
725
726
935
936
937
938
87
88
89
90
299
300
301
302
512
513
514
724
725
726
727
936
937
938
939
88
89
90
91
300
301
302
303
513
514
515
725
726
727
728
937
938
939
940
89
90
91
92
301
302
303
304
514
515
516
726
727
728
938
939
940
941
90
91
92
93
303
304
305
515
516
517
727
728
729
939
940
941
942
91
92
93
94
304
305
306
516
517
518
728
729
730
940
941
942
943
92
93
94
95
204
305
306
307
517
518
519
729
730
731
941
942
943
944
93
94
95
96
204
306
307
308
518
519
520
730
731
732
942
943
944
945
94
95
96
97
204
307
308
309
519
520
521
731
732
733
943
944
945
946
95
96
97
98
308
309
310
520
521
522
732
733
734
944
945
946
947
96
97
98
99
309
310
311
521
522
523
733
734
735
945
946
947
948
97
98
99
100
310
311
312
416
522
523
524
734
735
736
946
947
948
949
98
99
100
101
311
312
313
416
523
524
525
735
736
737
947
948
949
950
99
100
101
102
312
313
314
416
524
525
526
736
737
738
948
949
950
101
102
103
313
314
315
525
526
527
737
738
739
949
950
951
102
103
104
314
315
316
526
527
528
738
739
740
950
951
952
103
104
105
315
316
317
527
528
529
628
739
740
741
951
952
953
104
105
106
316
317
318
528
529
530
628
740
741
742
952
953
954
105
106
107
317
318
319
529
530
531
628
741
742
743
953
954
955
106
107
318
319
320
530
531
532
742
743
744
954
955
956
107
108
319
320
321
531
532
533
743
744
745
955
956
957
108
109
320
321
322
532
533
534
744
745
746
840
957
958
109
110
321
322
323
533
534
535
745
746
747
840
958
959
110
111
322
323
324
534
535
536
746
747
748
959
960
111
112
323
324
535
536
537
747
748
749
960
961
112
113
324
325
536
537
538
749
750
961
962
113
114
325
326
537
538
539
750
751
962
963
114
115
326
327
538
539
751
752
963
964
115
116
203
327
328
540
752
753
964
965
116
117
203
328
329
541
753
754
965
966
117
118
329
330
542
754
755
966
967
118
119
330
331
415
543
755
967
968
119
120
332
544
756
968
969
120
121
333
545
627
757
969
970
121
122
334
546
758
970
123
335
547
759
839
971
124
336
548
760
972
125
337
549
761
973
202
338
550
762
339
551
763
340
552
764
838
341
553
765
342
413
554
766
555
556
624
557
623
558
834
195
559
192
404
560
616
828
186
398
561
610
611
823
178
390
391
562
602
603
814
815
168
169
381
382
563
593
594
805
806
160
161
372
373
374
564
585
586
797
798
154
155
353
366
367
565
578
579
580
777
790
791
792
142
150
151
354
362
363
566
574
575
576
778
786
787
788
998
999
143
146
147
148
149
355
358
359
360
361
567
568
571
572
573
779
780
783
784
785
991
992
995
996
997
143
144
145
146
147
355
356
357
358
359
360
567
568
569
570
571
572
780
781
782
783
784
992
993
994
995
996
143
144
145
146
147
355
356
357
358
359
568
569
570
571
780
781
782
783
992
993
994
995
996
143
144
145
146
147
355
356
357
358
359
568
569
570
571
572
780
781
782
783
784
992
993
994
995
996
143
144
145
146
147
148
355
356
357
358
359
360
567
568
569
570
571
572
779
780
781
782
783
784
992
993
994
995
996
997
143
146
147
148
149
355
356
358
359
360
361
567
568
570
571
572
573
779
780
783
784
785
991
992
995
996
997
142
148
149
354
355
360
361
362
567
572
573
574
779
784
785
786
991
996
997
998
142
149
150
354
361
362
363
566
573
574
575
785
786
787
991
997
998
999
150
151
354
362
363
364
566
574
575
576
778
786
787
788
990
999
141
151
152
363
364
365
566
575
576
577
778
787
788
789
990
141
152
153
353
364
365
366
576
577
578
788
789
790
990
141
153
154
353
365
366
565
577
578
579
789
790
791
154
155
353
366
367
565
578
579
580
777
791
792
155
156
367
368
565
579
580
581
777
792
793
989
156
157
368
369
580
581
582
777
793
794
989
140
157
158
369
370
581
582
583
794
795
989
140
158
159
352
370
371
582
583
584
795
796
159
160
352
371
372
583
584
585
796
797
160
161
372
373
564
584
585
586
797
798
161
162
373
374
564
585
586
587
776
798
799
162
163
374
375
586
587
588
776
799
800
163
164
375
376
587
588
589
800
801
988
139
164
165
376
377
588
589
590
801
802
988
139
165
166
377
378
589
590
591
802
803
166
167
351
378
379
590
591
592
803
804
167
168
351
379
380
591
592
593
804
805
168
169
380
381
563
592
593
805
806
169
170
381
382
563
594
806
807
170
171
382
383
595
775
807
808
171
172
383
384
596
775
808
809
987
172
173
384
385
597
809
810
987
138
173
174
385
386
598
810
811
138
174
175
386
387
599
811
812
175
176
350
387
388
600
812
813
176
177
350
388
389
601
813
814
177
178
389
390
562
602
814
815
178
179
390
391
562
603
815
179
180
392
604
774
816
180
181
393
605
817
181
182
394
606
818
986
137
182
183
395
607
819
137
183
184
396
608
820
184
185
349
397
609
821
186
398
561
610
822
187
399
561
611
823
188
400
612
773
824
189
401
613
825
985
136
190
402
614
826
191
348
403
615
827
404
560
616
828
405
617
772
829
406
618
830
347
407
619
831
408
620
771
832
134
621
833
622
770
557
623
556
624
130
342
625
127
339
626
976
121
333
545
627
757
758
969
970
104
105
106
316
317
318
528
529
530
628
740
741
742
952
953
954
76
77
78
288
289
290
291
500
501
502
503
629
712
713
714
715
924
925
926
927
48
49
50
51
260
261
262
263
473
474
475
630
685
686
687
688
897
898
899
900
28
29
30
240
241
242
452
453
454
455
631
664
665
666
667
876
877
878
879
14
15
16
17
226
227
228
229
439
440
441
632
651
652
653
863
864
865
866
7
8
9
219
220
221
421
431
432
433
633
643
644
645
646
845
855
856
857
858
3
4
5
210
214
215
216
217
422
426
427
428
429
634
639
640
641
846
847
851
852
853
854
1
2
3
210
211
212
213
214
215
422
423
424
425
426
427
635
636
637
638
639
640
847
848
849
850
851
852
0
1
2
3
210
211
212
213
214
423
424
425
426
427
635
636
637
638
639
847
848
849
850
851
1
2
3
210
211
212
213
214
215
423
424
425
426
427
635
636
637
638
639
847
848
849
850
851
1
2
3
210
211
212
213
214
215
422
423
424
425
426
427
635
636
637
638
639
640
847
848
849
850
851
852
2
3
4
210
211
212
213
214
215
216
422
423
424
425
426
427
428
634
635
636
637
638
639
640
846
847
848
849
850
851
852
853
2
3
4
5
210
214
215
216
217
422
426
427
428
429
634
635
638
639
640
641
846
847
851
852
853
854
3
4
5
6
209
210
215
216
217
218
422
427
428
429
430
634
640
641
642
846
852
853
854
4
5
6
7
209
216
217
218
219
421
428
429
430
431
641
642
643
846
853
854
855
5
6
7
8
209
217
218
219
220
421
430
431
432
633
642
643
644
854
855
856
6
7
8
9
209
218
219
220
221
421
431
432
433
633
643
644
645
845
855
856
857
7
8
9
10
219
220
221
222
421
432
433
434
633
644
645
646
845
856
857
858
8
9
10
11
220
221
222
223
433
434
435
633
645
646
647
845
857
858
859
9
10
11
12
208
221
222
223
224
434
435
436
646
647
648
845
858
859
860
10
11
12
13
208
222
223
224
225
435
436
437
647
648
649
859
860
861
11
12
13
14
208
223
224
225
226
420
436
437
438
648
649
650
860
861
862
12
13
14
15
208
224
225
226
227
420
437
438
439
649
650
651
861
862
863
13
14
15
16
225
226
227
228
420
438
439
440
632
650
651
652
862
863
864
14
15
16
17
226
227
228
229
439
440
441
632
651
652
653
863
864
865
15
16
17
18
227
228
229
230
440
441
442
632
652
653
654
844
864
865
866
16
17
18
19
228
229
230
231
441
442
443
653
654
655
844
865
866
867
17
18
19
20
229
230
231
232
442
443
444
654
655
656
844
866
867
868
18
19
20
21
230
231
232
233
443
444
445
655
656
657
867
868
869
19
20
21
22
231
232
233
234
444
445
446
656
657
658
868
869
870
20
21
22
23
207
232
233
234
235
445
446
447
657
658
659
869
870
871
21
22
23
24
207
233
234
235
236
446
447
448
658
659
660
870
871
872
873
22
23
24
25
207
234
235
236
237
447
448
449
659
660
661
871
872
873
874
23
24
25
26
207
235
236
237
238
419
447
448
449
450
660
661
662
872
873
874
875
24
25
26
27
236
237
238
239
419
448
449
450
451
661
662
663
873
874
875
876
25
26
27
28
237
238
239
240
419
449
450
451
452
662
663
664
874
875
876
877
26
27
28
29
238
239
240
241
419
450
451
452
453
631
663
664
665
875
876
877
878
27
28
29
30
239
240
241
242
451
452
453
454
631
664
665
666
876
877
878
879
28
29
30
31
240
241
242
243
452
453
454
455
631
665
666
667
877
878
879
880
29
30
31
32
241
242
243
244
453
454
455
456
631
666
667
668
878
879
880
881
30
31
32
33
242
243
244
245
454
455
456
457
667
668
669
843
879
880
881
882
31
32
33
34
243
244
245
246
455
456
457
458
668
669
670
843
880
881
882
883
32
33
34
35
244
245
246
247
456
457
458
459
669
670
671
843
881
882
883
884
33
34
35
36
245
246
247
248
457
458
459
460
670
671
672
882
883
884
885
34
35
36
37
246
247
248
249
458
459
460
461
671
672
673
883
884
885
886
35
36
37
38
247
248
249
250
459
460
461
462
672
673
674
884
885
886
887
36
37
38
39
248
249
250
251
460
461
462
463
673
674
675
885
886
887
888
37
38
39
40
249
250
251
252
461
462
463
464
674
675
676
886
887
888
889
38
39
40
41
206
250
251
252
253
462
463
464
465
675
676
677
887
888
889
890
39
40
41
42
206
251
252
253
254
463
464
465
466
676
677
678
888
889
890
891
40
41
42
43
206
252
253
254
255
464
465
466
467
677
678
679
889
890
891
892
41
42
43
44
206
253
254
255
256
465
466
467
468
678
679
680
890
891
892
893
42
43
44
45
254
255
256
257
418
466
467
468
469
679
680
681
891
892
893
894
43
44
45
46
255
256
257
258
418
467
468
469
470
680
681
682
892
893
894
895
44
45
46
47
256
257
258
259
418
468
469
470
471
681
682
683
893
894
895
896
45
46
47
48
257
258
259
260
418
469
470
471
472
682
683
684
894
895
896
897
46
47
48
49
258
259
260
261
470
471
472
473
683
684
685
895
896
897
898
47
48
49
50
259
260
261
262
471
472
473
474
630
684
685
686
896
897
898
899
48
49
50
51
260
261
262
263
472
473
474
475
630
685
686
687
897
898
899
900
49
50
51
52
261
262
263
264
473
474
475
476
630
686
687
688
898
899
900
901
50
51
52
53
262
263
264
265
474
475
476
477
630
687
688
689
899
900
901
902
51
52
53
54
263
264
265
266
475
476
477
478
688
689
690
900
901
902
903
52
53
54
55
264
265
266
267
476
477
478
479
689
690
691
842
901
902
903
904
53
54
55
56
265
266
267
268
477
478
479
480
690
691
692
842
902
903
904
905
54
55
56
57
266
267
268
269
478
479
480
481
691
692
693
842
903
904
905
906
55
56
57
58
267
268
269
270
479
480
481
482
692
693
694
904
905
906
907
56
57
58
59
268
269
270
271
480
481
482
483
693
694
695
905
906
907
908
57
58
59
60
269
270
271
272
481
482
483
484
694
695
696
906
907
908
909
58
59
60
61
270
271
272
273
482
483
484
485
695
696
697
907
908
909
910
59
60
61
62
271
272
273
274
483
484
485
486
696
697
698
908
909
910
911
60
61
62
63
272
273
274
275
484
485
486
487
697
698
699
909
910
911
912
61
62
63
64
273
274
275
276
485
486
487
488
698
699
700
910
911
912
913
62
63
64
65
274
275
276
277
486
487
488
489
699
700
701
911
912
913
914
63
64
65
66
205
275
276
277
278
487
488
489
490
700
701
702
912
913
914
915
64
65
66
67
205
276
277
278
279
488
489
490
491
701
702
703
913
914
915
916
65
66
67
68
205
277
278
279
280
489
490
491
492
702
703
704
914
915
916
917
66
67
68
69
205
278
279
280
281
490
491
492
493
703
704
705
915
916
917
918
67
68
69
70
279
280
281
282
491
492
493
494
704
705
706
916
917
918
919
68
69
70
71
280
281
282
283
417
492
493
494
495
705
706
707
917
918
919
920
69
70
71
72
281
282
283
284
417
493
494
495
496
706
707
708
918
919
920
921
70
71
72
73
282
283
284
285
417
494
495
496
497
707
708
709
919
920
921
922
71
72
73
74
283
284
285
286
417
495
496
497
498
708
709
710
920
921
922
923
72
73
74
75
284
285
286
287
496
497
498
499
709
710
711
921
922
923
924
73
74
75
76
285
286
287
288
497
498
499
500
710
711
712
922
923
924
925
74
75
76
77
286
287
288
289
498
499
500
501
629
711
712
713
923
924
925
926
75
76
77
78
287
288
289
290
499
500
501
502
629
712
713
714
924
925
926
927
76
77
78
79
288
289
290
291
500
501
502
503
629
713
714
715
925
926
927
928
77
78
79
80
289
290
291
292
501
502
503
504
629
714
715
716
926
927
928
929
78
79
80
81
290
291
292
293
502
503
504
505
715
716
717
927
928
929
930
79
80
81
82
291
292
293
294
503
504
505
506
716
717
718
928
929
930
931
80
81
82
83
292
293
294
295
504
505
506
507
717
718
719
841
929
930
931
932
81
82
83
84
293
294
295
296
505
506
507
508
718
719
720
841
930
931
932
933
82
83
84
85
294
295
296
297
506
507
508
509
719
720
721
841
931
932
933
934
83
84
85
86
295
296
297
298
507
508
509
510
720
721
722
841
932
933
934
935
84
85
86
87
296
297
298
299
508
509
510
511
721
722
723
933
934
935
936
85
86
87
88
297
298
299
300
509
510
511
512
722
723
724
934
935
936
937
86
87
88
89
298
299
300
301
510
511
512
513
723
724
725
935
936
937
938
87
88
89
90
299
300
301
302
511
512
513
514
724
725
726
936
937
938
939
88
89
90
91
300
301
302
303
512
513
514
515
725
726
727
937
938
939
940
89
90
91
92
301
302
303
304
513
514
515
516
726
727
728
938
939
940
90
91
92
93
302
303
304
305
514
515
516
517
727
728
729
939
940
941
91
92
93
94
303
304
305
306
516
517
518
728
729
730
940
941
942
92
93
94
95
204
304
305
306
307
517
518
519
729
730
731
941
942
943
93
94
95
96
204
305
306
307
308
518
519
520
730
731
732
942
943
944
94
95
96
97
204
306
307
308
309
519
520
521
731
732
733
943
944
945
95
96
97
98
307
308
309
310
520
521
522
732
733
734
944
945
946
96
97
98
99
308
309
310
311
521
522
523
733
734
735
945
946
947
97
98
99
100
309
310
311
312
416
522
523
524
734
735
736
946
947
948
98
99
100
101
310
311
312
313
416
523
524
525
735
736
737
947
948
949
99
100
101
311
312
313
314
416
524
525
526
736
737
738
948
949
950
100
101
102
313
314
315
416
525
526
527
737
738
739
949
950
951
101
102
103
314
315
316
526
527
528
738
739
740
950
951
952
102
103
104
315
316
317
527
528
529
628
739
740
741
951
952
953
103
104
105
316
317
318
528
529
530
628
740
741
742
952
953
954
104
105
106
317
318
319
529
530
531
628
741
742
743
953
954
955
105
106
107
318
319
530
531
532
742
743
744
954
955
956
107
108
319
320
531
532
533
743
744
745
955
956
957
108
109
320
321
532
533
534
744
745
746
840
956
957
958
109
110
321
322
533
534
535
745
746
747
840
957
958
959
110
111
322
323
534
535
536
746
747
748
958
959
960
111
112
323
324
535
536
747
748
749
959
960
961
112
113
324
325
536
537
748
749
750
961
962
113
114
325
326
537
538
749
750
751
962
963
114
115
326
327
538
539
750
751
752
963
964
115
116
203
327
328
539
540
751
752
964
965
116
117
203
328
329
540
541
753
965
966
117
118
329
330
541
542
754
966
967
118
119
330
331
415
542
543
755
967
119
120
331
332
415
544
756
968
120
121
332
333
545
627
757
969
121
122
333
334
546
627
758
970
122
335
547
759
839
971
123
336
548
760
972
124
337
549
761
973
202
550
762
974
414
551
763
975
552
764
976
553
765
977
413
554
766
978
767
837
412
768
411
769
622
770
408
620
771
405
617
772
829
187
400
612
773
824
179
180
392
604
774
816
817
170
171
382
383
595
596
775
807
808
162
163
374
375
586
587
776
798
799
155
156
367
368
565
579
580
581
777
791
792
793
989
150
151
152
362
363
364
566
575
576
778
787
788
990
999
142
143
147
148
149
355
359
360
361
567
571
572
573
779
783
784
785
786
991
992
996
997
998
143
144
145
146
147
355
356
357
358
359
360
567
568
569
570
571
572
780
781
782
783
784
992
993
994
995
996
143
144
145
146
147
355
356
357
358
359
568
569
570
571
780
781
782
783
784
992
993
994
995
996
143
144
145
146
147
355
356
357
358
359
568
569
570
571
780
781
782
783
784
992
993
994
995
996
143
144
145
146
147
148
355
356
357
358
359
360
567
568
569
570
571
572
779
780
781
782
783
784
992
993
994
995
996
143
144
145
146
147
148
355
356
358
359
360
361
567
568
570
571
572
573
779
780
781
782
783
784
785
991
992
993
994
995
996
997
142
143
147
148
149
354
355
359
360
361
567
572
573
574
779
784
785
786
991
996
997
998
142
148
149
150
354
361
362
566
573
574
575
779
785
786
787
991
997
998
999
142
150
151
354
362
363
566
574
575
576
778
786
787
788
998
999
151
152
363
364
566
575
576
577
778
787
788
789
990
999
141
152
153
353
364
365
576
577
578
788
789
790
990
141
153
154
353
365
366
565
577
578
789
790
791
154
155
353
366
367
565
578
579
777
790
791
792
155
156
367
368
565
579
580
777
791
792
793
156
157
368
369
580
581
777
792
793
794
989
140
157
158
369
370
581
582
793
794
795
989
140
158
159
352
370
371
582
583
794
795
796
159
160
352
371
372
583
584
795
796
797
160
161
352
372
373
564
584
585
796
797
798
161
162
373
374
564
585
586
776
797
798
799
162
163
374
375
586
587
776
798
799
800
163
164
375
376
587
588
799
800
801
988
164
165
376
377
588
589
800
801
802
988
139
165
166
377
378
589
590
801
802
803
139
166
167
351
378
379
590
591
802
803
804
167
168
351
379
380
591
592
803
804
805
168
169
380
381
563
592
593
804
805
169
170
381
382
563
593
594
806
170
171
382
383
594
595
775
807
171
172
383
384
595
596
775
808
172
173
384
385
596
597
809
987
173
174
385
386
597
598
810
987
138
174
175
386
387
598
599
811
175
176
387
388
599
600
812
176
177
350
388
389
600
601
813
177
178
389
390
562
601
602
814
178
179
390
391
562
602
603
815
179
180
391
392
604
774
816
180
181
392
393
605
774
817
181
182
393
394
606
818
986
182
183
394
395
607
819
137
183
184
395
396
608
820
184
185
349
396
397
609
821
185
398
610
822
186
399
561
611
823
187
400
612
773
824
188
401
613
825
985
136
189
402
614
826
190
348
403
615
827
560
616
828
617
772
829
618
830
984
347
619
831
620
832
134
621
833
558
834
345
835
344
836
767
837
979
128
340
552
838
122
123
335
547
759
839
971
108
109
110
320
321
322
533
534
745
746
840
957
958
959
81
82
83
84
294
295
296
506
507
508
718
719
720
721
841
930
931
932
933
53
54
55
56
265
266
267
268
477
478
479
480
690
691
692
842
902
903
904
905
31
32
33
34
243
244
245
246
455
456
457
458
668
669
670
843
880
881
882
16
17
18
19
229
230
231
441
442
443
653
654
655
844
865
866
867
868
8
9
10
220
221
222
432
433
434
435
633
644
645
646
647
845
856
857
858
859
3
4
5
6
209
210
215
216
217
218
422
427
428
429
430
634
639
640
641
642
846
851
852
853
854
1
2
3
210
211
212
213
214
215
422
423
424
425
426
427
428
634
635
636
637
638
639
640
847
848
849
850
851
852
1
2
3
210
211
212
213
214
215
423
424
425
426
427
635
636
637
638
639
847
848
849
850
851
1
2
3
210
211
212
213
214
215
423
424
425
426
427
635
636
637
638
639
847
848
849
850
851
1
2
3
210
211
212
213
214
215
422
423
424
425
426
427
635
636
637
638
639
847
848
849
850
851
852
2
3
4
210
211
212
213
214
215
216
422
423
424
425
426
427
428
634
635
636
637
638
639
640
846
847
848
849
850
851
852
2
3
4
5
210
214
215
216
217
422
426
427
428
429
634
635
638
639
640
641
846
847
850
851
852
853
3
4
5
6
209
210
215
216
217
218
422
427
428
429
430
634
639
640
641
642
846
852
853
854
4
5
6
7
209
216
217
218
219
421
428
429
430
431
634
640
641
642
643
846
853
854
855
5
6
7
209
217
218
219
220
421
429
430
431
432
633
642
643
644
854
855
856
6
7
8
209
218
219
220
221
421
430
431
432
433
633
643
644
645
845
855
856
857
7
8
9
219
220
221
222
421
431
432
433
434
633
644
645
646
845
856
857
858
8
9
10
220
221
222
223
432
433
434
435
633
645
646
647
845
857
858
859
9
10
11
208
221
222
223
224
433
434
435
436
646
647
648
845
858
859
860
10
11
12
208
222
223
224
225
434
435
436
437
647
648
649
859
860
861
11
12
13
208
223
224
225
226
420
435
436
437
438
648
649
650
860
861
862
12
13
14
208
224
225
226
227
420
436
437
438
439
649
650
651
861
862
863
13
14
15
225
226
227
228
420
437
438
439
440
632
650
651
652
862
863
864
14
15
16
226
227
228
229
420
438
439
440
441
632
651
652
653
863
864
865
15
16
17
227
228
229
230
439
440
441
442
632
652
653
654
844
864
865
866
16
17
18
228
229
230
231
440
441
442
443
632
653
654
655
844
865
866
867
17
18
19
20
229
230
231
232
441
442
443
444
654
655
656
844
866
867
868
18
19
20
21
230
231
232
233
442
443
444
445
655
656
657
844
867
868
869
19
20
21
22
231
232
233
234
443
444
445
446
656
657
658
868
869
870
20
21
22
23
207
232
233
234
235
444
445
446
447
657
658
659
869
870
871
21
22
23
24
207
233
234
235
236
445
446
447
448
658
659
660
870
871
872
22
23
24
25
207
234
235
236
237
446
447
448
449
659
660
661
871
872
873
23
24
25
26
207
235
236
237
238
419
447
448
449
450
659
660
661
662
872
873
874
24
25
26
27
236
237
238
239
419
448
449
450
451
660
661
662
663
873
874
875
25
26
27
28
237
238
239
240
419
449
450
451
452
661
662
663
664
874
875
876
26
27
28
29
238
239
240
241
419
450
451
452
453
631
662
663
664
665
875
876
877
27
28
29
30
239
240
241
242
451
452
453
454
631
663
664
665
666
876
877
878
28
29
30
31
240
241
242
243
452
453
454
455
631
664
665
666
667
877
878
879
29
30
31
32
241
242
243
244
453
454
455
456
631
665
666
667
668
878
879
880
30
31
32
33
242
243
244
245
454
455
456
457
666
667
668
669
843
879
880
881
31
32
33
34
243
244
245
246
455
456
457
458
667
668
669
670
843
880
881
882
32
33
34
35
244
245
246
247
456
457
458
459
668
669
670
671
843
881
882
883
33
34
35
36
245
246
247
248
457
458
459
460
669
670
671
672
882
883
884
34
35
36
37
246
247
248
249
458
459
460
461
670
671
672
673
883
884
885
35
36
37
38
247
248
249
250
459
460
461
462
671
672
673
674
884
885
886
36
37
38
39
248
249
250
251
460
461
462
463
672
673
674
675
885
886
887
37
38
39
40
249
250
251
252
461
462
463
464
673
674
675
676
886
887
888
38
39
40
41
206
250
251
252
253
462
463
464
465
674
675
676
677
887
888
889
39
40
41
42
206
251
252
253
254
463
464
465
466
675
676
677
678
888
889
890
40
41
42
43
206
252
253
254
255
464
465
466
467
676
677
678
679
889
890
891
41
42
43
44
206
253
254
255
256
465
466
467
468
677
678
679
680
890
891
892
42
43
44
45
254
255
256
257
418
466
467
468
469
678
679
680
681
891
892
893
43
44
45
46
255
256
257
258
418
467
468
469
470
679
680
681
682
892
893
894
44
45
46
47
256
257
258
259
418
468
469
470
471
680
681
682
683
893
894
895
45
46
47
48
257
258
259
260
418
469
470
471
472
681
682
683
684
894
895
896
46
47
48
49
258
259
260
261
470
471
472
473
682
683
684
685
895
896
897
47
48
49
50
259
260
261
262
471
472
473
474
630
683
684
685
686
896
897
898
48
49
50
51
260
261
262
263
472
473
474
475
630
684
685
686
687
897
898
899
49
50
51
52
261
262
263
264
473
474
475
476
630
685
686
687
688
898
899
900
50
51
52
53
262
263
264
265
474
475
476
477
630
686
687
688
689
899
900
901
51
52
53
54
263
264
265
266
475
476
477
478
687
688
689
690
900
901
902
52
53
54
55
264
265
266
267
476
477
478
479
688
689
690
691
842
901
902
903
53
54
55
56
265
266
267
268
477
478
479
480
689
690
691
692
842
902
903
904
54
55
56
57
266
267
268
269
478
479
480
481
690
691
692
693
842
903
904
905
55
56
57
58
267
268
269
270
479
480
481
482
691
692
693
694
842
904
905
906
56
57
58
59
268
269
270
271
480
481
482
483
692
693
694
695
905
906
907
57
58
59
60
269
270
271
272
481
482
483
484
693
694
695
696
906
907
908
58
59
60
61
270
271
272
273
482
483
484
485
694
695
696
697
907
908
909
59
60
61
62
271
272
273
274
483
484
485
486
695
696
697
698
908
909
910
60
61
62
63
272
273
274
275
484
485
486
487
696
697
698
699
909
910
911
61
62
63
64
273
274
275
276
485
486
487
488
697
698
699
700
910
911
912
62
63
64
65
274
275
276
277
486
487
488
489
698
699
700
701
911
912
913
63
64
65
66
205
275
276
277
278
487
488
489
490
699
700
701
702
912
913
914
64
65
66
67
205
276
277
278
279
488
489
490
491
700
701
702
703
913
914
915
65
66
67
68
205
277
278
279
280
489
490
491
492
701
702
703
704
914
915
916
66
67
68
69
205
278
279
280
281
490
491
492
493
702
703
704
705
915
916
917
67
68
69
70
279
280
281
282
491
492
493
494
703
704
705
706
916
917
918
68
69
70
71
280
281
282
283
492
493
494
495
704
705
706
707
917
918
919
69
70
71
72
281
282
283
284
417
493
494
495
496
705
706
707
708
918
919
920
70
71
72
73
282
283
284
285
417
494
495
496
497
706
707
708
709
919
920
921
71
72
73
74
283
284
285
286
417
495
496
497
498
707
708
709
710
920
921
922
72
73
74
75
284
285
286
287
496
497
498
499
708
709
710
711
921
922
923
73
74
75
76
285
286
287
288
497
498
499
500
709
710
711
712
922
923
924
74
75
76
77
286
287
288
289
498
499
500
501
629
710
711
712
713
923
924
925
75
76
77
78
287
288
289
290
499
500
501
502
629
711
712
713
714
924
925
926
76
77
78
79
288
289
290
291
500
501
502
503
629
712
713
714
715
925
926
927
77
78
79
80
289
290
291
292
501
502
503
504
629
713
714
715
716
926
927
928
78
79
80
81
290
291
292
293
502
503
504
505
714
715
716
717
927
928
929
79
80
81
82
291
292
293
294
503
504
505
506
715
716
717
718
928
929
930
80
81
82
83
292
293
294
295
504
505
506
507
716
717
718
719
841
929
930
931
81
82
83
84
293
294
295
296
505
506
507
508
717
718
719
720
841
930
931
932
82
83
84
85
294
295
296
297
506
507
508
509
718
719
720
721
841
931
932
933
83
84
85
86
295
296
297
298
507
508
509
510
719
720
721
722
841
932
933
934
84
85
86
87
296
297
298
299
508
509
510
511
720
721
722
723
933
934
935
85
86
87
88
297
298
299
300
509
510
511
512
721
722
723
724
934
935
936
86
87
88
89
298
299
300
301
510
511
512
513
722
723
724
725
935
936
937
87
88
89
90
299
300
301
302
511
512
513
514
723
724
725
726
936
937
938
88
89
90
91
300
301
302
303
512
513
514
515
724
725
726
727
937
938
939
89
90
91
92
301
302
303
304
513
514
515
516
725
726
727
728
938
939
940
90
91
92
302
303
304
305
514
515
516
517
726
727
728
729
939
940
941
91
92
93
303
304
305
306
515
516
517
518
728
729
730
940
941
942
92
93
94
204
304
305
306
307
516
517
518
519
729
730
731
941
942
943
93
94
95
204
305
306
307
308
517
518
519
520
730
731
732
942
943
944
94
95
96
204
306
307
308
309
518
519
520
521
731
732
733
943
944
945
95
96
97
204
307
308
309
310
519
520
521
522
732
733
734
944
945
946
96
97
98
308
309
310
311
520
521
522
523
733
734
735
945
946
947
97
98
99
309
310
311
312
416
521
522
523
524
734
735
736
946
947
948
98
99
100
310
311
312
313
416
522
523
524
525
735
736
737
947
948
949
99
100
101
311
312
313
314
416
523
524
525
526
736
737
738
948
949
950
100
101
102
312
313
314
416
524
525
526
527
737
738
739
949
950
951
101
102
103
313
314
315
526
527
528
738
739
740
950
951
952
102
103
104
314
315
316
527
528
529
628
739
740
741
951
952
953
103
104
105
315
316
317
528
529
530
628
740
741
742
952
953
954
104
105
106
316
317
318
529
530
531
628
741
742
743
953
954
955
105
106
107
317
318
319
530
531
532
742
743
744
954
955
956
106
107
108
319
320
531
532
743
744
745
955
956
957
107
108
109
320
321
532
533
744
745
746
840
956
957
958
108
109
110
321
322
533
534
745
746
747
840
957
958
959
109
110
111
322
323
534
535
746
747
748
840
958
959
960
110
111
112
323
324
535
536
747
748
959
960
961
112
113
324
325
536
537
748
749
960
961
962
113
114
325
326
537
538
749
750
961
962
963
114
115
326
327
538
539
750
751
962
963
964
115
116
327
328
539
540
751
752
963
964
116
117
203
328
329
540
541
752
753
965
117
118
329
330
541
542
753
754
966
118
119
330
331
415
542
543
754
755
967
119
331
332
415
543
544
756
968
120
332
333
544
545
627
757
969
121
333
334
545
546
627
758
970
122
334
547
759
839
971
123
335
548
760
972
124
336
549
761
973
125
202
762
974
126
414
763
975
127
626
764
976
128
765
977
129
201
766
978
837
979
412
980
199
981
198
410
982
196
983
193
830
984
189
401
613
825
985
181
182
393
394
606
818
986
172
173
384
385
596
597
809
810
987
163
164
375
376
377
588
589
800
801
988
156
157
368
369
370
580
581
582
777
793
794
989
141
151
152
153
363
364
365
575
576
577
778
788
789
990
142
148
149
354
355
360
361
362
567
572
573
574
779
784
785
786
991
996
997
998
143
144
145
146
147
148
355
356
357
358
359
360
567
568
569
570
571
572
779
780
781
782
783
784
992
993
994
995
996
143
144
145
146
147
355
356
357
358
359
568
569
570
571
780
781
782
783
784
992
993
994
995
996
143
144
145
146
147
355
356
357
358
359
568
569
570
571
780
781
782
783
784
992
993
994
995
996
143
144
145
146
147
355
356
357
358
359
360
567
568
569
570
571
572
780
781
782
783
784
992
993
994
995
996
143
144
145
146
147
148
355
356
357
358
359
360
567
568
569
570
571
572
573
779
780
781
782
783
784
785
991
992
993
994
995
996
997
142
143
147
148
149
355
359
360
361
567
571
572
573
574
779
784
785
786
991
996
997
998
142
148
149
150
354
360
361
362
566
573
574
779
785
786
787
991
997
998
999
142
149
150
151
354
362
363
566
574
575
778
786
787
788
998
999
131
200
1000
