51.48
52.47
53.46
54.45
55.44
56.43
57.42
58.41
59.4
60.39
61.38
62.37
63.36
64.35
65.34
66.33
67.32
68.31
69.3
70.29
71.28
72.27
73.26
74.25
75.24
76.23
77.22
78.21
79.2
80.19
81.18
82.17
83.16
84.15
85.14
86.13
87.12
88.11
89.1
90.09
91.08
92.07
93.06
94.05
95.04
96.03
97.02
98.01
99
99.99
100.98
101.97
102.96
103.95
104.94
105.93
106.92
107.91
108.9
109.89
110.88
111.87
112.86
113.85
114.84
115.83
116.82
117.81
118.8
119.79
120.78
121.77
122.76
123.75
124.74
125.73
126.72
127.71
128.7
129.69
130.68
131.67
132.66
133.65
134.64
135.63
136.62
137.61
138.6
139.59
140.58
141.57
142.56
143.55
144.54
145.53
146.52
147.51
148.5
149.49
150.48
151.47
152.46
153.45
154.44
155.43
156.42
157.41
158.4
159.39
160.38
161.37
162.36
163.35
164.34
165.33
166.32
167.31
168.3
169.29
170.28
171.27
172.26
173.25
174.24
175.23
176.22
177.21
178.2
179.19
180.18
181.17
182.16
183.15
184.14
185.13
186.12
187.11
188.1
189.09
190.08
191.07
192.06
193.05
194.04
195.03
196.02
197.01
198
198.99
199.98
200.97
201.96
202.95
203.94
204.93
205.92
206.91
207.9
208.89
209.88
210.87
211.86
212.85
213.84
214.83
215.82
216.81
217.8
218.79
219.78
220.77
221.76
222.75
223.74
224.73
225.72
226.71
227.7
228.69
229.68
230.67
231.66
232.65
233.64
234.63
235.62
236.61
237.6
238.59
239.58
240.57
241.56
242.55
243.54
244.53
245.52
246.51
247.5
248.49
249.48
250.47
251.46
252.45
253.44
254.43
255.42
256.41
257.4
258.39
259.38
260.37
261.36
262.35
263.34
264.33
265.32
266.31
267.3
268.29
269.28
270.27
271.26
272.25
273.24
274.23
275.22
276.21
277.2
278.19
279.18
280.17
281.16
282.15
283.14
284.13
285.12
286.11
287.1
288.09
289.08
290.07
291.06
292.05
293.04
294.03
295.02
296.01
297
297.99
298.98
299.97
300.96
301.95
302.94
303.93
304.92
305.91
306.9
307.89
308.88
309.87
310.86
311.85
312.84
313.83
314.82
315.81
316.8
317.79
318.78
319.77
320.76
321.75
322.74
323.73
324.72
325.71
326.7
327.69
328.68
329.67
330.66
331.65
332.64
333.63
334.62
335.61
336.6
337.59
338.58
339.57
340.56
341.55
342.54
343.53
344.52
345.51
346.5
347.49
348.48
349.47
350.46
351.45
352.44
353.43
354.42
355.41
356.4
357.39
358.38
359.37
360.36
361.35
362.34
363.33
364.32
365.31
366.3
367.29
368.28
369.27
370.26
371.25
372.24
373.23
374.22
375.21
376.2
377.19
378.18
379.17
380.16
381.15
382.14
383.13
384.12
385.11
386.1
387.09
388.08
389.07
390.06
391.05
392.04
393.03
394.02
395.01
396
396.99
397.98
398.97
399.96
400.95
401.94
402.93
403.92
404.91
405.9
406.89
407.88
408.87
409.86
410.85
411.84
412.83
413.82
414.81
415.8
416.79
417.78
418.77
419.76
420.75
421.74
422.73
423.72
424.71
425.7
426.69
427.68
428.67
429.66
430.65
431.64
432.63
433.62
434.61
435.6
436.59
437.58
438.57
439.56
440.55
441.54
442.53
443.52
444.51
445.5
446.49
447.48
448.47
449.46
450.45
451.44
452.43
453.42
454.41
455.4
456.39
457.38
458.37
459.36
460.35
461.34
462.33
463.32
464.31
465.3
466.29
467.28
468.27
469.26
470.25
471.24
472.23
473.22
474.21
475.2
476.19
477.18
478.17
479.16
480.15
481.14
482.13
483.12
484.11
485.1
486.09
487.08
488.07
489.06
490.05
491.04
492.03
493.02
494.01
495
495.99
496.98
497.97
498.96
499.95
500.94
501.93
502.92
503.91
504.9
505.89
506.88
507.87
508.86
509.85
510.84
511.83
512.82
513.81
514.8
515.79
516.78
517.77
518.76
519.75
520.74
521.73
522.72
523.71
524.7
525.69
526.68
527.67
528.66
529.65
530.64
531.63
532.62
533.61
534.6
535.59
536.58
537.57
538.56
539.55
540.54
541.53
542.52
543.51
544.5
545.49
546.48
547.47
548.46
549.45
550.44
551.43
552.42
553.41
554.4
555.39
556.38
557.37
558.36
559.35
560.34
561.33
562.32
563.31
564.3
565.29
566.28
567.27
568.26
569.25
570.24
571.23
572.22
573.21
574.2
575.19
576.18
577.17
578.16
579.15
580.14
581.13
582.12
583.11
584.1
585.09
586.08
587.07
588.06
589.05
590.04
591.03
592.02
593.01
594
594.99
595.98
596.97
597.96
598.95
599.94
600.93
601.92
602.91
603.9
604.89
605.88
606.87
607.86
608.85
609.84
610.83
611.82
612.81
613.8
614.79
615.78
616.77
617.76
618.75
619.74
620.73
621.72
622.71
623.7
624.69
625.68
626.67
627.66
628.65
629.64
630.63
631.62
632.61
633.6
634.59
635.58
636.57
637.56
638.55
639.54
640.53
641.52
642.51
643.5
644.49
645.48
646.47
647.46
648.45
649.44
650.43
651.42
652.41
653.4
654.39
655.38
656.37
657.36
658.35
659.34
660.33
661.32
662.31
663.3
664.29
665.28
666.27
667.26
668.25
669.24
670.23
671.22
672.21
673.2
674.19
675.18
676.17
677.16
678.15
679.14
680.13
681.12
682.11
683.1
684.09
685.08
686.07
687.06
688.05
689.04
690.03
691.02
692.01
693
693.99
694.98
695.97
696.96
697.95
698.94
699.93
700.92
701.91
702.9
703.89
704.88
705.87
706.86
707.85
708.84
709.83
710.82
711.81
712.8
713.79
714.78
715.77
716.76
717.75
718.74
719.73
720.72
721.71
722.7
723.69
724.68
725.67
726.66
727.65
728.64
729.63
730.62
731.61
732.6
733.59
734.58
735.57
736.56
737.55
738.54
739.53
740.52
741.51
742.5
743.49
744.48
745.47
746.46
747.45
748.44
749.43
750.42
751.41
752.4
753.39
754.38
755.37
756.36
757.35
758.34
759.33
760.32
761.31
762.3
763.29
764.28
765.27
766.26
767.25
768.24
769.23
770.22
771.21
772.2
773.19
774.18
775.17
776.16
777.15
778.14
779.13
780.12
781.11
782.1
783.09
784.08
785.07
786.06
787.05
788.04
789.03
790.02
791.01
792
792.99
793.98
794.97
795.96
796.95
797.94
798.93
799.92
800.91
801.9
802.89
803.88
804.87
805.86
806.85
807.84
808.83
809.82
810.81
811.8
812.79
813.78
814.77
815.76
816.75
817.74
818.73
819.72
820.71
821.7
822.69
823.68
824.67
825.66
826.65
827.64
828.63
829.62
830.61
831.6
832.59
833.58
834.57
835.56
836.55
837.54
838.53
839.52
840.51
841.5
842.49
843.48
844.47
845.46
846.45
847.44
848.43
849.42
850.41
851.4
852.39
853.38
854.37
855.36
856.35
857.34
858.33
859.32
860.31
861.3
862.29
863.28
864.27
865.26
866.25
867.24
868.23
869.22
870.21
871.2
872.19
873.18
874.17
875.16
876.15
877.14
878.13
879.12
880.11
881.1
882.09
883.08
884.07
885.06
886.05
887.04
888.03
889.02
890.01
891
891.99
892.98
893.97
894.96
895.95
896.94
897.93
898.92
899.91
900.9
901.89
902.88
903.87
904.86
905.85
906.84
907.83
908.82
909.81
910.8
911.79
912.78
913.77
914.76
915.75
916.74
917.73
918.72
919.71
920.7
921.69
922.68
923.67
924.66
925.65
926.64
927.63
928.62
929.61
930.6
931.59
932.58
933.57
934.56
935.55
936.54
937.53
938.52
939.51
940.5
941.49
942.48
943.47
944.46
945.45
946.44
947.43
948.42
949.41
950.4
951.39
952.38
953.37
954.36
955.35
956.34
957.33
958.32
959.31
960.3
961.29
962.28
963.27
964.26
965.25
966.24
967.23
968.22
969.21
970.2
971.19
972.18
973.17
974.16
975.15
976.14
977.13
978.12
979.11
980.1
981.09
982.08
983.07
984.06
985.05
986.04
987.03
988.02
989.01
990
