1.09505
1.02439
1.06421
0.939647
0.977162
0.874066
0.974348
1.04165
0.982942
1.12115
1.0043
1.01403
0.803566
0.841809
0.892322
0.914304
1.05645
1.01837
1.05179
1.11882
1.09203
0.980102
1.05662
1.0832
0.967036
0.799814
0.979612
0.973012
0.994242
0.964902
0.939401
0.967487
0.931058
0.875349
0.84908
0.796569
0.947933
0.926742
1.14054
1.00904
1.05619
1.0206
1.00451
1.00593
0.92796
0.88028
0.874533
0.88293
0.996866
1.00636
0.813859
0.771016
0.838848
1.06501
0.823039
0.893993
0.991322
0.919948
1.04158
0.960422
0.88806
0.894633
1.11947
0.854643
0.791787
0.95585
0.930462
0.897741
0.983276
1.02789
0.996393
1.13931
0.855067
1.05561
0.875116
0.9575
1.01382
1.06407
1.07758
1.04547
0.902849
0.896992
0.820284
0.875728
1.0257
1.02974
0.952855
1.08986
1.00558
0.93014
1.17125
1.01962
1.0845
1.0947
0.927536
1.00726
0.916002
0.880435
1.0018
0.900648
0.899103
0.921758
0.887189
0.842257
0.967619
0.965679
0.999894
0.918655
1.09013
0.974153
1.01642
0.932962
0.98427
0.962331
1.04039
1.01747
0.852972
0.967921
1.0423
0.877741
1.09766
1.06897
0.869697
1.00682
0.94636
1.08672
1.06729
1.00708
0.976158
0.888131
1.03665
0.939047
0.882507
0.880236
0.954571
0.974121
0.93433
0.788871
1.01485
0.98311
0.948505
1.06312
0.981819
0.928478
1.03602
1.05208
1.00086
0.908253
1.07741
0.893988
0.815297
0.943915
0.988949
0.996084
1.13423
1.13288
1.06978
0.886395
1.06064
1.09199
1.00645
0.991645
0.884327
1.0231
1.00473
1.09617
1.0374
0.887376
0.919219
0.860119
0.960465
1.16864
0.987392
0.988526
1.03868
0.984679
1.02236
0.915883
1.07765
0.969688
1.14443
1.20392
1.02166
1.13636
1.11073
0.853824
0.994104
0.958471
0.914366
1.03603
0.964398
1.11578
1.0187
0.940024
1.01103
0.821374
0.98589
1.06127
1.09375
0.815101
0.930601
0.963769
0.867607
1.01468
1.0683
0.932577
1.04375
0.918763
1.00629
0.873879
0.889867
0.957765
0.835592
0.997817
0.919654
1.09399
1.15204
0.868713
0.947823
0.813383
0.90383
1.15633
1.12309
0.912877
1.09382
1.07553
0.888684
0.929306
0.943925
1.0174
0.934027
0.832978
0.907741
0.902559
0.868801
1.10048
1.06033
0.971593
0.965568
0.877843
1.06289
0.96858
0.833566
0.94001
1.02376
1.06967
0.927947
0.91989
0.967695
1.04973
0.995734
0.940745
1.14076
0.953312
1.06243
1.21112
1.12956
1.11275
0.889757
0.963947
0.906284
0.754805
0.815397
0.907696
1.10023
1.14003
0.974319
1.11765
1.12838
0.895896
1.17736
1.11458
1.16377
0.998129
0.921119
0.907127
0.861471
0.876412
0.982503
1.02157
1.16121
1.20681
0.946082
1.02265
0.858817
0.991843
1.07365
1.06961
1.03334
1.01523
0.877581
0.96259
0.897603
0.914856
0.897565
0.885705
0.892621
1.00303
0.918763
0.939197
0.954026
0.93236
1.07998
0.806328
1.03676
0.818814
0.879853
0.995671
0.9328
0.885102
0.89327
1.13343
1.06242
0.857183
0.883524
0.992882
0.98428
0.947804
0.951456
1.04609
1.01042
1.12344
1.0226
0.948251
0.911121
1.08462
1.22568
1.16374
1.05567
0.93874
0.932765
0.937999
0.874765
0.95104
0.864364
1.00632
0.991207
1.02839
0.930921
1.0617
1.10359
0.823745
0.943963
0.849855
0.746694
0.882743
0.995907
0.98434
0.896385
0.863228
0.872418
0.830841
1.03178
0.918997
0.864258
1.06468
1.01221
1.00709
0.901007
0.925688
0.916004
0.957512
0.893213
0.867279
0.868315
0.906999
0.838551
0.896108
0.871195
0.808028
0.928656
0.844912
0.793686
0.959691
0.934197
0.95547
0.926647
1.17467
1.03782
1.04417
1.05066
0.990465
0.836896
0.941702
0.946284
0.926696
1.00168
1.06131
1.04674
1.16826
1.18374
1.02207
1.10057
1.02626
1.05747
1.10734
0.969959
0.966083
0.901824
0.950946
0.813162
0.998751
1.01505
0.902786
0.936455
1.07
1.00218
1.00341
0.964516
0.893582
1.04318
0.985613
1.16541
1.20245
1.1233
0.836772
1.09225
0.970339
0.818206
1.03486
1.02608
1.15117
0.999167
1.06187
1.02955
0.919128
1.05224
0.983197
1.15608
1.08798
1.10174
1.06468
0.885185
1.11474
1.06096
1.16067
0.953285
0.888653
0.928649
1.10756
1.06573
0.928174
1.01427
1.01246
0.929101
1.04759
0.802541
1.03931
0.852438
0.942063
0.985589
0.889873
1.06164
1.03817
0.905716
0.896533
0.952957
0.968925
0.993595
1.00088
0.953887
1.06831
0.959845
0.993278
1.10909
1.04195
1.0534
1.0642
1.03946
0.915382
1.21993
0.986074
0.961518
0.900033
1.06165
1.00626
1.04687
1.11698
0.949478
0.963525
0.881092
0.873841
0.998886
0.941772
0.880669
0.902559
1.08562
0.970671
1.0862
1.09054
1.08248
0.996313
0.982653
0.988211
0.979905
0.920445
0.875043
0.798718
0.99166
0.949078
0.965839
0.915473
0.912261
0.950252
1.04615
0.995688
1.0527
0.971086
1.06715
1.06449
0.800354
0.871473
0.931383
0.906729
1.06916
0.858984
1.05007
0.987151
0.904841
1.05405
1.10259
0.928724
0.914195
0.993932
0.915001
0.931311
0.956333
1.00769
1.0761
1.05908
1.00063
0.925313
0.844459
0.822606
0.895247
0.955771
0.973115
0.903692
1.06645
0.977831
0.979948
1.01425
1.11678
1.17099
0.874872
0.910195
0.900906
0.82617
1.01223
0.846439
0.864163
0.863276
0.870012
0.963595
0.813603
1.00527
1.05599
0.931595
0.997058
0.8133
0.930416
0.893017
0.869614
0.951592
0.970913
0.872543
0.801051
0.875019
0.968063
1.09083
1.04348
1.0251
1.08106
1.1764
1.0114
1.12988
0.921131
1.12769
1.0285
1.10662
1.00819
0.891716
1.0157
1.00247
0.953493
1.15086
0.928936
0.982027
0.928565
0.834335
0.940994
0.921174
0.879411
1.09157
0.892042
0.961731
1.06891
1.07993
0.919615
0.908745
0.996273
0.963878
1.07737
1.07536
1.03175
0.938037
1.028
0.912687
0.853491
1.07033
1.08504
0.854175
1.00443
1.05002
0.861479
0.917521
1.03632
0.940706
0.922856
0.879867
0.942061
0.910156
0.822623
1.01175
0.863389
0.954452
0.811129
0.895309
0.978963
0.889795
1.00795
1.06389
0.925921
0.985749
0.948896
1.01928
0.957282
0.930999
0.882721
0.834503
0.927446
0.880967
1.02735
1.14596
0.931882
1.12725
0.830571
1.07319
1.20725
1.10246
1.02916
0.982764
0.9468
0.904946
0.969961
0.901572
0.916077
0.8497
0.958065
0.861579
1.02812
1.01226
1.03372
0.955452
0.843617
0.815891
0.889193
1.091
0.880452
1.01133
1.04035
0.948475
0.912688
0.854756
0.872762
0.970502
0.998163
1.16429
1.01542
1.06502
0.905609
0.986859
0.917442
1.01939
1.05441
1.05033
0.968822
1.052
1.11837
1.03982
0.993718
0.993093
1.14342
1.04611
0.97941
0.789551
1.03068
0.906958
0.830337
0.889449
1.02971
1.09763
1.03461
1.06545
0.963679
0.989447
0.997177
0.932581
0.999786
0.90691
0.837151
0.905288
0.966252
0.963918
0.910726
0.995105
0.901993
0.884382
0.970037
1.06146
1.04787
1.18139
0.806427
1.09247
0.987789
0.960521
0.987365
1.02086
1.01264
0.972415
1.02587
0.91733
0.936046
1.01229
1.02767
1.05997
1.08659
0.840991
0.827257
0.896211
0.886557
0.868575
0.992
0.904028
0.845868
1.00321
1.08008
1.1345
1.07281
0.952903
1.0037
1.00791
1.03303
1.04426
0.966599
0.876363
0.907062
0.942483
1.02154
0.978934
0.91649
1.00689
0.879481
0.884722
0.886934
0.910944
0.931207
0.980785
0.90368
0.969688
0.956445
0.962657
0.977637
0.954962
0.877716
0.790059
0.918645
1.00655
0.894304
1.00351
0.948973
0.895436
0.837459
0.905288
0.975787
0.964406
1.01537
0.906584
1.00437
1.07118
1.07095
0.940461
0.861286
0.937034
1.0605
1.10375
1.12562
0.970728
0.903174
0.92191
0.944464
0.901794
0.969454
1.00277
1.03703
1.09246
0.960918
0.906846
0.976999
1.04267
0.940097
1.08483
1.10238
0.954767
1.03697
1.04961
1.07417
1.09815
0.994941
0.93207
0.986741
0.860238
0.99629
1.01129
0.999763
0.958748
1.01831
0.963161
1.06487
1.15143
1.07129
0.847154
0.937195
1.03266
0.983018
0.935182
1.02287
1.14691
0.862693
0.91725
1.00924
0.969914
1.00891
0.921188
0.986048
0.913586
0.813573
1.11086
1.06038
0.9796
0.979191
1.04135
1.1161
1.00538
1.00864
1.02773
0.896998
0.861463
1.10686
0.94442
1.14243
0.946314
1.03996
1.04989
1.00252
0.923446
0.93694
0.929416
1.08803
0.866676
1.02677
0.978972
0.755785
0.986458
0.972115
1.03582
0.891191
0.835519
1.00655
0.870028
0.896681
0.875621
0.938505
0.845633
1.03094
0.892776
1.01326
1.00933
0.928903
0.91576
1.01322
0.959674
0.97803
0.988981
0.958698
0.814757
0.930226
0.953479
0.838977
1.03356
1.03011
0.951238
1.03943
0.953758
1.04887
0.924771
0.820266
1.04696
0.933503
0.897159
0.943021
0.891371
1.0603
1.12122
0.852052
0.990841
0.997778
0.968617
1.09827
0.94649
0.902154
1.25526
1.0618
1.04869
1.2861
1.07312
0.908077
0.963509
0.919294
0.989722
0.956344
1.01744
1.10068
1.08957
1.05288
1.10201
1.12109
1.18877
0.924124
1.07746
1.03921
0.801118
1.13317
1.13579
1.05648
0.953023
0.971063
1.04383
0.99637
1.05838
1.03222
0.956572
0.925526
0.938711
1.0698
1.08256
0.931443
0.90939
0.859515
0.894864
1.04702
0.87277
0.879926
0.892428
0.953198
0.900298
0.812177
0.826989
0.978354
0.976849
0.905574
1.0234
0.942623
0.856114
0.983964
0.916649
0.855205
0.909822
0.98707
0.928125
0.899128
0.977764
0.915465
0.933139
0.981053
0.89489
1.03092
1.08296
1.07648
1.1314
1.09862
1.1306
1.07432
0.951191
0.770534
1.05934
1.05219
1.04467
0.843436
