0
126
132
172
195
218
275
298
321
570
593
678
800
909
932
937
955
1
101
164
325
335
550
594
613
636
728
751
876
958
997
2
7
13
106
193
220
238
364
387
410
440
463
469
508
526
653
670
721
738
763
773
786
809
832
986
3
26
53
158
681
704
785
970
4
518
933
5
16
39
92
270
707
759
903
961
6
15
75
81
96
133
156
179
202
582
668
766
884
927
2
7
13
25
48
106
134
175
220
238
364
410
433
440
445
469
526
612
653
670
693
738
740
763
809
832
986
8
42
146
221
439
520
560
583
606
865
969
992
9
32
55
70
122
214
233
283
302
343
358
642
889
905
912
928
951
10
33
56
79
432
541
829
956
11
247
385
437
771
782
794
891
938
12
107
188
231
245
268
291
461
553
576
703
752
755
847
2
7
13
71
106
193
238
364
387
410
463
469
508
526
670
721
738
763
773
786
809
832
14
65
94
169
308
331
354
462
491
543
549
652
819
923
934
957
6
15
75
81
96
98
133
179
202
205
582
712
766
884
927
5
16
39
92
270
402
460
707
759
903
961
17
177
459
587
770
810
921
983
18
41
311
340
361
384
407
470
493
551
674
697
864
19
54
77
100
117
416
572
699
998
20
93
145
168
320
329
640
665
922
21
44
104
144
271
392
605
643
691
743
804
827
850
965
22
45
46
304
391
408
725
851
857
874
23
137
160
178
327
443
466
477
500
655
989
24
99
187
573
590
596
774
780
797
820
882
974
7
25
48
129
134
175
220
364
433
440
445
492
612
646
653
693
740
744
832
855
986
3
26
53
158
203
330
399
704
785
808
813
831
970
27
196
236
292
424
472
522
783
948
971
28
115
293
362
425
483
753
29
52
75
156
179
277
415
668
766
772
904
927
988
30
273
284
342
365
388
394
503
538
554
623
630
635
671
739
750
767
784
895
901
918
924
31
123
439
520
894
969
992
9
32
55
70
122
233
306
521
642
928
10
33
56
282
378
432
34
184
414
805
817
828
915
35
165
228
254
337
360
383
438
622
778
36
60
88
174
198
216
239
423
468
485
509
532
601
624
698
37
59
82
94
105
128
151
262
285
377
491
549
566
675
676
923
940
957
38
52
58
119
277
415
772
881
904
5
16
39
92
281
402
460
707
759
903
40
332
488
511
534
557
747
18
41
311
340
361
384
407
470
493
551
674
697
864
8
42
146
221
439
520
537
560
583
606
842
865
888
969
43
47
366
567
596
780
820
843
882
899
974
21
44
67
73
104
144
271
605
643
743
804
827
850
965
973
22
45
46
68
108
207
304
368
615
632
874
892
22
45
46
68
108
207
304
368
615
632
874
892
43
47
78
237
260
544
579
617
619
843
899
935
7
25
48
129
134
175
220
364
433
440
445
492
612
646
653
693
740
744
832
855
986
49
135
203
289
295
330
399
548
625
808
813
826
830
831
993
50
150
403
516
651
683
737
815
51
316
339
506
736
799
822
845
29
38
52
75
156
277
415
668
766
772
904
927
988
3
26
53
158
203
295
330
399
704
785
808
813
830
831
19
54
77
100
117
123
416
699
894
998
9
32
55
70
122
233
306
521
642
928
10
33
56
79
432
541
956
57
91
201
230
299
322
333
345
431
592
834
840
897
914
38
58
119
415
772
789
881
904
37
59
82
94
105
128
151
192
262
285
377
400
549
555
566
675
676
796
923
940
980
36
60
88
174
198
239
400
468
485
509
532
555
578
601
698
796
61
142
360
383
559
645
729
749
801
812
824
835
858
62
161
281
609
684
771
794
938
63
263
309
442
501
603
610
626
64
190
334
380
516
574
683
720
737
769
792
815
838
841
14
65
82
94
105
169
285
308
331
354
377
462
491
543
549
652
676
819
923
934
957
66
412
527
594
636
659
682
705
728
859
876
997
44
67
73
87
144
182
271
323
605
620
743
818
850
965
973
45
46
68
108
207
333
345
368
615
632
834
874
892
897
69
85
379
437
661
748
782
880
891
9
32
55
70
122
233
302
358
642
889
905
912
928
951
13
71
83
111
193
197
387
446
463
486
508
647
669
670
721
773
786
809
72
112
135
226
289
353
376
44
67
73
87
144
182
271
323
605
620
818
850
873
965
973
74
258
448
529
949
6
15
29
52
75
81
133
156
179
582
668
766
884
927
988
76
89
118
312
458
481
571
803
19
54
77
100
117
416
572
699
871
998
47
78
210
214
237
260
283
302
343
544
579
617
619
866
905
912
935
10
56
79
541
829
862
885
908
931
954
956
990
80
160
183
287
443
466
655
788
846
863
6
15
75
81
96
98
133
179
202
205
582
712
766
884
927
37
59
65
82
94
105
128
285
354
377
491
549
675
676
923
940
957
71
83
111
197
215
446
486
589
647
669
715
721
900
963
84
165
228
314
406
438
536
622
726
69
85
379
661
748
805
880
86
374
419
436
558
627
650
662
685
67
73
87
90
182
294
323
620
818
861
873
942
973
36
60
88
174
192
239
400
468
485
532
555
578
601
698
796
980
76
89
118
312
458
481
571
803
87
90
167
182
294
323
369
585
608
620
631
818
861
873
896
942
57
91
201
230
299
322
333
345
431
592
834
840
897
5
16
39
92
270
281
402
460
707
759
903
961
20
93
145
168
320
329
640
665
14
37
59
65
82
94
105
128
285
308
354
377
491
549
675
676
923
957
95
249
272
348
571
836
853
981
6
15
81
96
98
133
202
205
582
689
712
735
884
97
552
713
972
995
15
81
96
98
202
205
225
582
689
712
735
795
950
24
99
187
389
573
590
774
780
797
820
974
19
54
77
100
117
416
572
699
871
998
1
101
164
325
335
389
550
594
613
751
774
958
997
102
305
482
833
839
977
990
103
241
252
264
275
350
489
570
593
765
823
886
909
955
978
21
44
104
121
144
248
271
392
643
691
706
743
781
804
827
965
37
59
65
82
94
105
128
262
285
377
491
549
675
676
923
940
957
2
7
13
106
134
175
220
238
364
387
410
433
440
445
469
526
653
670
693
738
740
763
773
809
832
986
12
107
188
245
268
291
461
553
576
703
752
755
847
45
46
68
108
207
345
368
615
632
834
874
892
109
396
413
695
701
718
719
741
754
764
110
121
225
248
300
666
689
706
735
758
781
795
950
71
83
111
197
446
486
589
647
669
715
721
900
963
72
112
124
226
272
348
376
981
113
127
136
159
167
294
346
369
562
585
597
608
631
654
677
700
714
723
896
919
942
114
253
276
546
569
702
811
869
914
920
943
28
115
138
362
425
483
730
753
868
116
297
375
663
913
936
945
19
54
77
100
117
416
572
699
998
76
89
118
312
458
481
602
803
38
58
119
415
772
789
881
904
120
563
104
110
121
225
248
300
392
666
691
706
758
781
950
9
32
55
70
122
233
283
302
358
642
889
905
912
928
951
31
54
123
520
699
894
992
112
124
226
272
348
981
125
200
305
455
816
967
979
0
126
132
149
172
195
218
298
321
344
570
593
678
800
932
937
955
113
127
136
159
167
346
369
562
585
597
608
631
654
677
700
714
723
896
919
942
37
59
82
94
105
128
151
192
262
285
377
400
491
549
566
675
676
796
923
940
980
25
48
129
134
152
261
417
433
445
492
612
646
693
717
740
744
761
855
130
153
176
199
211
222
231
245
268
484
496
507
513
530
553
703
755
131
155
183
206
229
264
420
679
788
0
126
132
149
172
195
218
298
321
344
593
678
800
932
937
955
6
15
75
81
96
133
156
179
202
582
668
766
884
927
7
25
48
106
129
134
175
220
364
433
440
445
492
526
612
646
653
693
740
744
832
855
986
49
72
135
289
295
353
376
548
625
826
830
993
113
127
136
159
346
562
585
597
628
631
654
677
700
714
723
746
896
919
23
137
178
310
327
454
477
500
523
811
966
989
115
138
362
483
730
868
139
404
475
686
867
976
140
370
474
595
722
952
141
435
504
527
602
659
682
705
61
142
254
360
383
729
749
812
824
835
858
143
517
540
21
44
67
73
104
144
271
605
643
743
804
827
850
965
973
20
93
145
168
320
329
640
665
922
8
42
146
221
439
537
560
583
606
629
842
865
888
946
969
147
180
204
266
307
318
434
457
561
577
584
600
607
648
658
762
790
807
854
947
148
355
564
793
852
126
132
149
172
195
298
321
344
367
373
397
656
678
742
777
800
937
50
150
311
340
403
493
516
651
737
37
59
128
151
192
239
262
400
485
532
555
566
578
675
796
940
980
129
152
170
261
341
417
456
492
531
646
716
717
744
761
855
877
130
153
176
199
211
222
473
484
496
507
513
530
680
154
374
524
535
633
650
662
672
673
685
696
708
131
155
183
206
229
420
679
788
6
29
52
75
133
156
179
277
668
766
884
927
988
157
243
479
503
515
635
694
750
767
901
918
941
964
3
26
53
158
203
295
330
399
704
785
808
813
830
831
113
127
136
159
167
346
369
562
585
597
608
631
654
677
700
714
723
896
919
942
23
80
160
287
443
466
655
846
863
62
161
281
402
460
609
684
771
938
162
444
844
953
163
267
347
428
618
745
802
929
1
101
164
325
335
550
594
613
728
751
876
958
997
35
84
165
228
314
337
406
438
536
622
726
166
212
598
90
113
127
159
167
294
346
369
562
585
597
608
631
654
677
700
714
723
861
873
896
919
942
20
93
145
168
329
665
14
65
169
308
331
354
462
514
543
652
819
934
957
152
170
261
341
417
456
515
531
716
717
761
877
878
964
987
171
793
944
0
126
132
149
172
195
298
321
344
367
373
397
656
678
777
800
937
173
288
315
363
447
449
453
476
760
887
36
60
88
174
192
198
239
400
468
485
509
532
555
578
601
698
796
980
7
25
48
106
134
175
220
364
433
440
445
492
526
612
646
653
693
740
832
986
130
153
176
199
211
429
473
484
496
507
513
530
680
17
177
217
459
587
898
921
23
137
178
310
327
454
477
500
523
811
966
989
6
15
29
75
81
133
156
179
582
668
766
884
927
988
147
180
204
266
307
318
434
457
561
577
584
600
607
648
658
762
790
807
854
947
181
307
371
525
584
607
648
681
727
807
849
970
67
73
87
90
182
294
323
605
620
818
850
861
873
973
80
131
155
183
206
287
655
679
788
846
863
34
184
414
805
817
828
915
185
395
418
441
464
467
487
565
588
611
985
186
209
290
301
324
382
405
641
768
779
791
906
24
99
187
366
567
590
596
780
797
820
882
974
12
107
188
268
291
461
576
599
703
752
755
847
907
189
212
621
64
190
334
380
516
574
683
720
737
769
792
815
838
841
191
256
279
306
521
640
757
922
59
88
128
151
174
192
239
262
400
485
532
555
566
578
601
796
940
980
2
13
71
193
238
387
410
463
469
508
526
670
721
738
763
773
786
809
194
328
478
770
810
875
983
0
126
132
149
172
195
218
275
298
321
570
593
678
800
909
932
937
955
27
196
236
292
424
472
522
783
948
971
71
83
111
197
215
216
446
486
589
624
647
669
692
715
900
963
36
60
174
198
215
216
423
468
509
601
624
692
698
900
130
153
176
199
211
222
231
245
484
496
507
513
530
680
125
200
305
455
816
833
967
979
57
91
201
230
299
322
333
345
431
592
834
840
897
914
6
15
81
96
98
133
202
205
582
689
712
735
884
26
49
53
158
203
295
330
399
704
785
808
813
830
831
147
180
204
266
318
411
434
457
480
561
577
600
607
648
658
762
790
854
872
947
15
81
96
98
202
205
225
582
689
712
735
795
950
131
155
183
206
229
420
679
788
45
46
68
108
207
345
368
615
632
834
874
892
208
257
280
303
326
490
519
657
732
775
870
186
209
232
255
278
290
301
313
336
359
382
405
641
664
687
756
779
791
814
906
78
210
214
237
260
283
302
343
544
579
617
619
866
889
905
912
935
951
130
153
176
199
211
222
231
484
496
507
513
530
680
166
189
212
598
213
338
361
384
407
426
430
470
551
674
9
78
210
214
283
302
343
358
544
619
866
889
905
912
951
83
197
198
215
216
423
486
509
589
624
692
715
900
963
36
197
198
215
216
423
468
509
589
624
692
698
715
900
963
177
217
332
459
488
511
534
898
921
0
126
132
195
218
241
275
298
570
593
678
765
800
909
932
955
978
219
242
269
401
495
568
637
902
910
2
7
25
48
106
134
175
220
364
410
433
440
445
469
492
526
612
653
693
740
763
832
986
8
42
146
221
439
537
560
583
606
629
842
865
888
911
917
946
130
153
199
211
222
231
245
268
461
484
507
513
530
553
703
755
223
282
378
432
856
224
356
391
408
638
725
817
828
851
857
98
110
121
205
225
300
666
689
706
712
735
758
795
950
72
112
124
226
353
376
981
227
250
273
296
318
319
342
388
411
422
434
480
502
577
600
790
872
35
84
165
228
254
337
383
438
536
622
778
131
155
206
229
252
264
350
420
489
823
886
57
91
201
230
253
276
299
322
431
592
702
840
897
914
920
12
130
199
211
222
231
245
268
461
484
513
530
553
703
752
755
209
232
255
278
301
313
336
359
382
405
641
664
687
710
756
779
791
814
883
906
9
32
55
70
122
233
306
521
642
928
234
429
473
519
657
775
870
235
494
575
27
196
236
292
424
472
522
528
660
971
994
47
78
210
237
260
544
579
617
619
843
866
899
935
2
7
13
106
193
238
364
387
410
463
469
508
526
670
721
738
763
773
786
809
832
986
36
60
88
151
174
192
239
400
468
485
532
555
566
578
601
698
796
980
240
351
465
501
580
603
747
103
218
241
252
275
570
593
765
909
932
955
978
219
242
259
401
495
568
591
614
637
902
157
243
479
503
515
635
694
750
767
878
901
941
964
987
244
393
848
975
12
107
130
199
222
231
245
268
461
484
513
530
553
576
703
752
755
246
259
409
505
591
614
879
11
247
379
385
437
771
782
794
880
891
938
104
110
121
248
300
392
666
691
706
758
781
804
950
95
249
272
348
571
836
853
981
227
250
273
284
296
318
319
342
365
388
411
422
480
502
538
554
623
630
671
739
784
872
895
924
251
280
303
326
349
372
450
542
634
732
930
103
229
241
252
264
350
420
489
765
823
886
978
114
230
253
276
299
431
546
569
702
869
914
920
943
35
142
228
254
337
360
383
438
622
749
778
209
232
255
278
301
313
336
359
382
405
641
664
687
710
756
779
791
814
883
906
191
256
279
306
320
521
640
757
922
208
257
280
490
519
657
732
775
870
74
258
448
529
586
949
242
246
259
505
591
614
879
47
78
210
237
260
544
579
617
619
843
866
899
935
129
152
170
261
341
417
456
531
646
716
717
744
761
855
877
37
59
105
128
151
192
262
377
400
555
566
578
675
676
796
940
980
63
263
286
309
442
610
626
787
960
103
131
229
252
264
350
420
489
823
886
265
269
386
545
783
910
925
147
180
204
266
307
434
457
525
561
577
584
600
607
648
658
727
762
790
807
849
854
947
163
267
347
451
745
12
107
130
188
222
231
245
268
461
513
530
553
576
703
752
755
219
265
269
386
545
637
902
910
925
5
16
92
270
707
730
759
903
961
21
44
67
73
104
144
271
605
643
743
804
827
850
965
95
112
124
249
272
348
836
853
981
30
227
250
273
284
296
319
342
365
388
394
411
422
502
538
554
623
630
671
739
784
895
924
274
533
0
103
195
218
241
275
570
593
678
765
800
909
932
955
978
114
230
253
276
299
431
569
592
702
840
869
914
920
943
29
38
52
156
277
415
668
772
904
988
209
232
255
278
301
313
336
359
382
641
664
687
710
733
756
779
791
814
837
883
906
191
256
279
306
320
521
640
757
922
208
251
257
280
303
326
490
732
39
62
92
161
281
402
460
609
684
33
223
282
378
432
856
9
78
122
210
214
283
302
343
358
544
866
889
905
912
951
30
250
273
284
296
319
342
365
388
394
502
503
538
554
623
630
635
671
739
750
784
895
901
918
924
37
59
65
82
94
105
128
285
354
377
491
549
675
676
923
957
263
286
309
436
442
581
604
649
724
787
960
80
160
183
287
443
466
655
679
788
846
863
173
288
315
363
447
449
476
499
887
49
72
135
289
295
353
376
548
625
826
830
993
186
209
290
324
382
405
428
641
768
779
791
906
12
107
188
291
461
576
599
752
755
847
907
27
196
236
292
424
472
522
948
971
28
293
506
736
776
845
926
984
87
90
113
167
182
294
323
369
585
608
620
631
654
714
818
861
873
896
942
49
53
135
158
203
289
295
330
399
548
625
808
813
826
830
831
993
227
250
273
284
296
319
342
365
388
411
422
480
502
538
554
623
630
671
739
784
872
895
924
116
297
375
663
913
945
0
126
132
149
172
195
218
298
321
344
678
800
932
937
57
91
201
230
253
276
299
322
333
431
592
702
840
897
914
920
110
121
225
248
300
392
666
691
706
758
781
950
186
209
232
255
278
301
313
336
359
382
405
641
664
687
756
779
791
814
906
9
70
78
122
210
214
283
302
343
358
866
889
905
912
951
208
251
280
303
326
349
450
490
634
732
930
22
45
46
304
391
408
725
851
857
874
102
125
200
305
455
482
816
833
967
977
32
55
191
233
256
279
306
521
642
757
928
147
180
181
266
307
371
525
584
607
648
727
762
807
849
854
14
65
94
169
308
331
354
462
491
543
549
652
819
923
934
957
63
263
286
309
442
610
626
787
960
137
178
310
327
454
477
500
523
546
811
869
943
966
989
18
41
150
311
340
403
493
551
651
697
864
76
89
118
312
458
481
571
602
803
209
232
255
278
301
313
336
359
382
405
641
664
687
710
756
779
791
814
883
906
84
165
314
406
438
536
599
726
907
173
288
315
363
447
449
476
499
887
51
316
339
586
799
822
317
334
357
380
539
574
628
720
746
769
838
841
996
147
180
204
227
250
318
319
411
422
434
457
480
502
561
577
600
658
790
872
947
227
250
273
284
296
318
319
342
365
388
411
422
480
502
538
554
630
671
739
784
872
895
924
20
93
145
256
279
320
329
640
665
757
922
0
126
132
149
172
195
298
321
344
367
373
397
656
678
742
777
800
937
57
91
201
230
299
322
333
345
431
592
834
840
897
67
73
87
90
182
294
323
620
818
850
861
873
973
186
290
324
382
405
428
618
641
768
779
791
906
1
101
164
325
335
389
550
594
613
751
774
958
208
251
280
303
326
349
450
490
634
732
930
23
137
178
310
327
454
477
500
523
546
811
869
943
966
989
194
328
944
20
93
145
168
320
329
640
665
26
49
53
158
203
295
330
399
704
785
808
813
830
831
14
65
169
308
331
354
462
514
543
652
819
911
934
957
40
217
332
488
511
534
557
898
57
68
91
201
299
322
333
345
592
834
840
897
64
190
317
334
357
380
539
574
683
720
769
792
815
838
841
996
1
101
164
325
335
389
550
573
613
751
774
958
209
232
255
278
301
313
336
359
382
641
664
687
710
733
756
791
814
837
883
906
35
165
228
254
337
360
383
438
622
778
213
338
426
430
453
470
760
51
316
339
506
586
799
822
18
41
150
311
340
384
403
493
551
674
697
864
152
170
261
341
417
456
515
531
716
717
761
877
878
964
987
30
227
250
273
284
296
319
342
365
388
394
411
422
502
538
554
623
630
671
739
784
895
924
9
78
210
214
283
302
343
358
544
619
866
889
905
912
951
126
132
149
172
298
321
344
367
373
397
547
616
656
678
742
777
937
57
68
91
108
201
207
322
333
345
368
615
632
834
892
897
113
127
136
159
167
346
369
562
585
597
608
631
654
677
700
714
723
896
919
942
163
267
347
428
618
745
802
929
95
112
124
249
272
348
836
853
981
251
303
326
349
372
450
542
634
732
930
103
229
252
264
350
420
489
823
886
240
351
465
557
580
603
747
352
381
498
556
688
711
734
936
959
982
72
135
226
289
353
376
548
625
826
14
65
82
94
169
285
308
331
354
462
491
543
549
652
819
923
934
957
148
355
564
793
852
224
356
391
408
638
725
828
851
857
317
334
357
380
539
574
628
720
746
769
838
841
996
9
70
122
214
283
302
343
358
866
889
905
912
951
209
232
255
278
301
313
336
359
382
405
641
664
687
710
756
779
791
814
883
906
35
61
142
254
337
360
383
749
778
812
824
835
18
41
213
361
384
407
426
430
470
551
674
697
864
28
115
138
362
425
483
730
753
868
173
288
315
363
447
449
453
476
499
887
2
7
13
25
48
106
134
175
220
238
364
410
433
440
445
469
526
612
653
670
693
738
740
763
809
832
986
30
250
273
284
296
319
342
365
388
394
502
538
554
623
630
671
739
784
895
918
924
43
187
366
567
596
780
820
843
882
899
974
149
172
321
344
367
373
397
512
547
616
656
742
777
937
45
46
68
108
207
345
368
615
632
874
892
90
113
127
159
167
294
346
369
585
597
608
620
631
654
677
700
714
723
861
873
896
919
942
140
370
595
825
952
181
307
371
525
584
607
648
681
727
807
849
970
251
349
372
395
418
441
450
542
611
634
798
893
930
149
172
321
344
367
373
397
512
547
616
656
742
777
937
86
154
374
419
524
535
633
650
662
672
673
685
708
116
297
375
663
913
945
72
112
135
226
289
353
376
37
59
65
82
94
105
128
262
285
377
491
549
675
676
923
940
957
33
223
282
378
432
856
69
85
247
379
437
661
748
782
880
891
64
190
317
334
357
380
516
539
574
683
720
769
792
815
838
841
996
352
381
498
556
688
711
734
959
982
186
209
232
255
278
290
301
313
324
336
359
382
405
641
664
756
779
791
814
906
35
61
142
228
254
337
360
383
622
749
778
812
824
835
18
41
213
340
361
384
407
426
470
551
674
697
864
11
247
385
437
609
771
782
794
891
938
265
269
386
545
783
910
925
948
2
13
71
106
193
238
387
410
463
469
508
526
670
721
738
763
773
786
809
30
227
250
273
284
296
319
342
365
388
394
411
422
502
538
554
623
630
671
739
784
872
895
924
99
101
325
335
389
550
573
590
613
751
774
797
958
390
397
512
547
616
718
741
742
754
777
22
224
304
356
391
408
638
725
851
857
21
104
121
248
300
392
643
666
691
706
781
804
827
244
393
848
975
30
273
284
342
365
388
394
503
538
554
623
630
635
671
739
750
767
784
895
901
918
924
185
372
395
418
441
464
542
565
611
798
893
109
396
413
639
695
701
719
731
764
149
172
321
344
367
373
390
397
512
547
616
656
742
777
937
398
890
26
49
53
158
203
295
330
399
704
808
813
830
831
993
59
60
88
128
151
174
192
239
262
400
485
532
555
566
578
601
796
940
980
219
242
401
495
568
637
902
16
39
92
161
281
402
460
759
50
150
311
340
403
493
651
737
139
404
475
686
867
976
186
209
232
255
290
301
313
324
359
382
405
641
768
779
791
906
84
165
314
406
438
536
599
726
907
18
41
213
361
384
407
426
430
470
551
674
697
864
22
224
304
356
391
408
638
725
851
857
246
409
505
614
806
879
2
7
13
106
193
220
238
364
387
410
463
469
508
526
653
670
721
738
763
773
786
809
832
986
204
227
250
273
296
318
319
342
388
411
422
434
457
480
502
561
577
600
658
790
872
947
66
412
527
636
659
682
705
728
859
876
997
109
396
413
639
695
701
719
731
764
34
184
414
805
817
828
915
29
38
52
58
119
277
415
772
904
19
54
77
100
117
416
572
699
871
998
129
152
170
261
341
417
456
531
716
717
744
761
855
877
878
987
185
372
395
418
441
464
467
542
565
611
798
893
86
374
419
558
627
650
662
672
673
685
708
131
155
206
229
252
264
350
420
489
823
886
421
533
686
867
968
976
227
250
273
296
318
319
342
388
411
422
434
480
502
538
577
630
671
790
872
924
36
198
215
216
423
468
509
589
624
692
698
900
963
27
196
236
292
424
472
522
528
660
971
994
28
115
362
425
483
753
213
338
361
384
407
426
430
470
674
760
427
510
709
821
939
991
163
290
324
347
428
618
768
802
929
176
234
429
473
496
680
213
338
361
407
426
430
470
760
57
91
201
230
253
276
299
322
431
592
702
840
897
914
920
10
33
56
223
282
378
432
7
25
48
106
129
134
175
220
364
433
440
445
492
526
612
646
653
693
740
832
855
986
147
180
204
227
266
318
411
422
434
457
480
561
577
600
658
762
790
854
872
947
141
435
458
481
504
602
682
86
286
436
558
581
604
627
649
724
11
69
247
379
385
437
748
782
794
880
891
35
84
165
228
254
314
337
406
438
536
622
778
8
31
42
146
221
439
520
865
969
992
2
7
25
48
106
134
175
220
364
433
440
445
492
526
612
653
693
740
832
986
185
372
395
418
441
464
467
542
565
611
798
893
63
263
286
309
442
610
626
787
960
23
80
160
287
443
466
655
846
863
162
444
844
953
7
25
48
106
129
134
175
220
364
433
440
445
492
526
612
646
653
693
740
832
855
986
71
83
111
197
446
463
486
508
589
647
669
715
721
786
900
963
173
288
315
363
447
453
476
760
74
258
448
529
586
949
173
288
315
363
449
476
499
887
251
303
326
349
372
450
542
634
732
930
267
451
745
825
452
709
821
916
939
962
985
173
338
363
447
453
476
760
137
178
310
327
454
477
500
523
546
811
869
943
966
989
125
200
305
455
816
967
979
152
170
261
341
417
456
531
716
717
744
761
877
878
964
987
147
180
204
266
318
411
434
457
480
561
577
600
607
658
762
790
854
872
947
76
89
118
312
435
458
481
504
602
803
17
177
217
459
587
898
921
16
39
92
161
281
402
460
707
759
903
12
107
188
222
231
245
268
291
461
553
576
703
752
755
14
65
169
308
331
354
462
514
543
652
819
911
934
957
2
13
71
193
238
387
410
446
463
469
508
526
670
721
738
763
773
786
809
185
395
418
441
464
467
487
565
588
611
798
893
240
351
465
557
580
603
747
23
80
160
287
443
466
655
846
863
185
418
441
464
467
487
565
588
611
916
985
36
60
88
174
198
216
239
423
468
485
509
532
601
624
692
698
2
7
13
106
193
220
238
364
387
410
463
469
508
526
653
670
721
738
763
773
786
809
832
986
18
41
213
338
361
384
407
426
430
470
551
674
697
864
471
552
713
995
27
196
236
292
424
472
522
783
948
971
153
176
234
429
473
496
507
680
140
474
722
848
139
404
475
173
288
315
363
447
449
453
476
499
887
23
137
178
310
327
454
477
500
523
811
966
989
194
478
770
810
875
983
157
243
479
503
515
635
694
750
767
901
918
941
964
204
227
250
296
318
319
411
422
434
457
480
502
561
577
600
658
790
872
947
76
89
118
312
435
458
481
504
602
803
102
305
482
833
839
954
977
990
28
115
138
362
425
483
730
753
868
130
153
176
199
211
222
231
245
484
496
507
513
530
680
36
60
88
151
174
192
239
400
468
485
532
555
578
601
698
796
980
71
83
111
197
215
446
486
589
647
669
715
721
900
963
185
464
467
487
565
588
916
985
40
217
332
488
511
534
557
898
103
229
252
264
350
420
489
823
886
208
257
280
303
326
490
519
657
732
775
14
37
65
82
94
105
128
285
308
354
377
491
549
675
676
923
957
25
48
129
134
152
175
220
433
440
445
492
612
646
653
693
740
744
855
18
41
150
311
340
403
493
551
651
697
864
235
494
575
219
242
401
495
568
637
902
130
153
176
199
211
429
473
484
496
507
513
530
680
497
572
871
352
381
498
688
711
734
959
982
288
315
363
449
476
499
528
660
887
994
23
137
178
310
327
454
477
500
523
811
966
989
63
240
501
603
610
626
227
250
273
284
296
318
319
342
365
388
411
422
480
502
538
630
671
739
784
872
895
924
30
157
243
284
394
479
503
554
623
635
739
750
767
784
901
918
941
141
435
458
481
504
602
659
682
246
259
409
505
591
614
879
51
293
339
506
736
776
799
822
845
926
984
130
153
176
199
211
222
473
484
496
507
513
530
680
2
13
71
193
238
387
410
446
463
469
508
647
669
670
721
738
763
773
786
809
36
60
174
198
215
216
423
468
509
601
624
692
698
900
427
510
709
821
939
991
40
217
332
488
511
534
557
898
367
373
390
397
512
547
616
656
741
742
777
130
153
176
199
211
222
231
245
268
484
496
507
513
530
553
703
755
169
331
462
514
537
543
560
583
629
652
819
842
888
911
917
934
946
157
170
243
341
479
515
694
716
877
878
941
964
987
50
64
150
190
380
516
574
651
683
737
792
815
143
517
540
598
690
4
518
806
933
208
234
257
490
519
657
775
870
8
31
42
123
439
520
894
969
992
32
55
191
233
256
279
306
521
642
757
928
27
196
236
292
424
472
522
660
971
994
137
178
310
327
454
477
500
523
546
811
869
943
966
989
154
374
524
535
633
662
672
673
696
708
181
266
307
371
525
584
607
648
681
727
762
807
849
854
2
7
13
106
134
175
193
220
238
364
387
410
433
440
445
463
469
526
653
670
693
738
740
763
773
809
832
986
66
141
412
527
636
659
682
705
728
859
876
236
424
499
528
660
994
74
258
448
529
586
949
130
153
176
199
211
222
231
245
268
484
496
507
513
530
553
680
703
152
170
261
341
417
456
531
716
717
744
761
877
878
987
36
60
88
151
174
192
239
400
468
485
532
555
578
601
698
796
980
274
421
533
867
968
40
217
332
488
511
534
557
898
154
374
524
535
633
639
662
672
673
696
708
731
84
165
228
314
406
438
536
622
726
907
42
146
221
514
537
560
583
606
629
842
865
888
911
917
946
30
250
273
284
296
319
342
365
388
394
422
502
538
554
623
630
671
739
784
895
918
924
317
334
357
380
539
574
628
720
746
769
838
841
996
143
517
540
690
10
56
79
541
829
862
885
908
931
954
956
990
251
349
372
395
418
441
450
542
611
634
798
893
930
14
65
169
308
331
354
462
514
543
652
819
911
917
934
47
78
210
214
237
260
283
343
544
579
617
619
866
935
265
269
386
545
783
910
925
948
114
253
310
327
454
523
546
569
811
869
943
966
344
367
373
390
397
512
547
616
656
742
777
49
135
289
295
353
548
625
808
826
830
993
14
37
59
65
82
94
105
128
285
308
354
377
491
549
675
676
923
957
1
101
164
325
335
389
550
594
613
728
751
958
997
18
41
213
311
340
361
384
407
470
493
551
674
697
864
97
471
552
713
972
995
12
107
130
222
231
245
268
461
513
530
553
576
703
752
755
30
250
273
284
296
319
342
365
388
394
503
538
554
623
630
635
671
739
750
784
895
901
918
924
59
60
88
151
174
192
239
262
400
485
532
555
566
578
601
796
940
980
352
381
556
663
711
936
959
982
40
332
351
465
488
511
534
557
580
747
86
419
436
558
581
604
627
649
650
685
724
61
559
645
729
789
801
858
881
8
42
146
221
514
537
560
583
606
629
842
865
888
911
917
946
147
180
204
266
318
411
434
457
480
561
577
600
607
658
762
790
854
872
947
113
127
136
159
167
346
562
585
597
628
631
654
677
700
714
723
746
896
919
120
563
575
148
355
564
793
852
185
395
418
441
464
467
487
565
588
611
916
985
37
59
128
151
192
239
262
400
555
566
578
675
796
940
980
43
187
366
567
596
780
820
843
882
899
974
219
242
401
495
568
637
902
114
253
276
546
569
702
811
869
914
920
943
0
103
126
195
218
241
275
570
593
678
765
800
909
932
955
978
76
89
95
249
312
571
803
836
853
19
77
100
117
416
497
572
699
871
998
24
99
335
389
573
590
774
797
64
190
317
334
357
380
516
539
574
683
720
769
792
815
838
841
996
235
494
563
575
12
107
188
245
268
291
461
553
576
703
752
755
847
147
180
204
227
266
318
411
422
434
457
480
561
577
600
658
790
854
872
947
60
88
151
174
192
239
262
400
485
532
555
566
578
601
796
940
980
47
78
210
237
260
544
579
617
619
843
866
899
935
240
351
465
557
580
603
747
286
436
558
581
604
627
649
724
787
960
6
15
75
81
96
98
133
179
202
205
582
712
766
884
927
8
42
146
221
514
537
560
583
606
629
842
865
888
911
917
946
147
180
181
266
307
371
525
584
607
648
727
762
807
849
854
90
113
127
136
159
167
294
346
369
562
585
597
608
631
654
677
700
714
723
896
919
942
258
316
339
448
529
586
17
177
459
587
898
921
185
464
467
487
565
588
611
916
985
83
111
197
215
216
423
446
486
589
624
647
669
692
715
900
963
24
99
187
389
573
590
774
780
797
820
974
242
246
259
505
591
614
879
57
91
201
230
276
299
322
333
431
592
702
834
840
897
914
920
0
103
126
132
195
218
241
275
570
593
678
765
800
909
932
955
978
1
66
101
164
325
550
594
613
636
728
751
876
958
997
140
370
595
825
952
24
43
187
366
567
596
780
820
882
974
113
127
136
159
167
346
369
562
585
597
608
628
631
654
677
700
714
723
746
896
919
166
212
517
598
690
188
291
314
406
599
726
847
907
147
180
204
227
266
318
411
434
457
480
561
577
600
607
658
762
790
854
872
947
36
60
88
174
192
198
239
400
468
485
509
532
555
578
601
698
796
118
141
312
435
458
481
504
602
803
63
240
351
465
501
580
603
286
436
558
581
604
627
649
724
787
960
21
44
67
73
144
182
271
605
643
743
818
827
850
965
973
8
42
146
221
537
560
583
606
629
842
865
888
911
917
946
147
180
181
204
266
307
371
457
525
561
584
600
607
648
658
727
762
807
849
854
947
90
113
127
159
167
294
346
369
585
597
608
631
654
677
700
714
723
861
873
896
919
942
62
161
281
385
609
684
771
794
938
63
263
309
442
501
610
626
787
185
372
395
418
441
464
467
542
565
588
611
798
893
7
25
48
129
134
175
220
364
433
440
445
492
612
646
653
693
740
744
832
855
986
1
101
164
325
335
389
550
594
613
751
774
958
997
242
246
259
409
505
591
614
879
45
46
68
108
207
345
368
615
632
874
892
344
367
373
390
397
512
547
616
656
742
777
47
78
210
237
260
544
579
617
619
843
866
899
935
163
324
347
428
618
768
802
929
47
78
210
214
237
260
343
544
579
617
619
866
935
67
73
87
90
182
294
323
369
620
818
861
873
942
973
189
621
667
35
84
165
228
254
337
383
438
536
622
778
30
250
273
284
296
342
365
388
394
503
538
554
623
630
635
671
739
750
767
784
895
901
918
924
36
197
198
215
216
423
468
509
589
624
692
698
715
900
963
49
135
289
295
353
548
625
808
826
830
993
63
263
309
442
501
610
626
787
86
419
436
558
581
604
627
649
650
724
136
317
357
539
562
597
628
677
720
723
746
838
841
996
146
221
514
537
560
583
606
629
842
865
888
911
917
946
30
250
273
284
296
319
342
365
388
394
422
502
538
554
623
630
671
739
784
895
918
924
90
113
127
136
159
167
294
346
369
562
585
597
608
631
654
677
700
714
723
861
896
919
942
45
46
68
108
207
345
368
615
632
834
874
892
154
374
524
535
633
662
672
673
696
708
251
303
326
349
372
450
542
634
930
30
157
243
284
394
479
503
554
623
635
694
750
767
901
918
941
1
66
412
527
594
636
659
705
728
859
876
997
219
242
269
401
495
568
637
902
224
356
391
408
638
725
828
851
857
396
413
535
639
695
696
701
731
764
20
93
145
191
256
279
320
329
640
665
757
922
186
209
232
255
278
290
301
313
324
336
359
382
405
641
664
779
791
814
906
9
32
55
70
122
233
306
521
642
928
21
44
104
144
271
392
605
643
691
743
804
827
850
965
644
667
61
559
645
729
789
801
812
858
881
25
48
129
134
152
175
261
433
445
492
612
646
693
717
740
744
761
855
71
83
111
197
446
486
508
589
647
669
715
721
900
963
147
180
181
204
266
307
371
525
584
607
648
727
762
807
849
854
286
436
558
581
604
627
649
724
787
960
86
154
374
419
558
627
650
662
672
673
685
708
50
150
311
403
493
516
651
683
737
14
65
169
308
331
354
462
514
543
652
819
911
934
957
2
7
25
48
106
134
175
220
364
410
433
440
445
469
492
526
612
653
693
738
740
763
832
986
113
127
136
159
167
294
346
369
562
585
597
608
631
654
677
700
714
723
896
919
942
23
80
160
183
287
443
466
655
788
846
863
149
172
321
344
367
373
397
512
547
616
656
742
777
937
208
234
257
490
519
657
775
870
147
180
204
266
318
411
434
457
480
561
577
600
607
658
762
790
854
872
947
66
141
412
504
527
636
659
682
705
859
236
424
499
522
528
660
971
994
69
85
379
661
748
805
880
86
154
374
419
524
535
633
650
662
672
673
685
708
116
297
375
556
663
913
936
945
209
232
255
278
301
313
336
359
382
641
664
687
710
733
756
791
814
837
883
906
20
93
145
168
320
329
640
665
922
110
121
225
248
300
392
666
691
706
758
781
795
950
621
644
667
6
29
52
75
133
156
179
277
668
766
884
927
988
71
83
111
197
446
486
508
589
647
669
715
721
786
900
963
2
7
13
71
106
193
238
364
387
410
463
469
508
526
670
721
738
763
773
786
809
832
30
250
273
284
296
319
342
365
388
394
422
502
538
554
623
630
671
739
784
895
918
924
154
374
419
524
535
633
650
662
672
673
685
708
154
374
419
524
535
633
650
662
672
673
685
708
18
41
213
340
361
384
407
426
470
551
674
697
864
37
59
82
94
105
128
151
262
285
377
491
549
566
675
676
923
940
37
59
65
82
94
105
128
262
285
377
491
549
675
676
923
940
957
113
127
136
159
167
346
369
562
585
597
608
628
631
654
677
700
714
723
746
896
919
942
0
126
132
149
172
195
218
275
298
321
344
570
593
678
800
909
932
937
955
131
155
183
206
287
679
788
846
153
176
199
211
429
473
484
496
507
530
680
3
181
371
525
681
704
727
785
849
970
66
141
412
435
504
527
659
682
705
859
50
64
190
334
380
516
574
651
683
737
792
815
62
161
281
609
684
771
794
938
86
154
374
419
558
650
662
672
673
685
708
139
404
421
686
867
968
976
209
232
255
278
301
313
336
359
664
687
710
733
756
814
837
860
883
352
381
498
688
734
959
982
96
98
110
202
205
225
689
712
735
758
795
950
517
540
598
690
21
104
121
248
300
392
643
666
691
706
781
804
827
197
198
215
216
423
468
509
589
624
692
698
715
900
963
7
25
48
106
129
134
175
220
364
433
440
445
492
526
612
646
653
693
740
832
855
986
157
243
479
515
635
694
716
767
878
901
941
964
987
109
396
413
639
695
701
719
731
764
154
524
535
633
639
696
701
708
731
764
18
41
311
340
361
384
407
470
493
551
674
697
864
36
60
88
174
198
216
239
423
468
485
509
532
601
624
692
698
19
54
77
100
117
123
416
572
699
998
113
127
136
159
167
346
369
562
585
597
608
631
654
677
700
714
723
896
919
942
109
396
413
639
695
696
701
719
731
764
114
230
253
276
299
431
569
592
702
840
914
920
12
107
130
188
222
231
245
268
461
513
530
553
576
703
752
755
3
26
53
158
203
330
399
681
704
785
813
831
970
66
141
412
527
636
659
682
705
728
859
876
104
110
121
225
248
300
392
666
691
706
758
781
950
5
16
39
92
270
460
707
759
903
961
154
374
419
524
535
633
650
662
672
673
685
696
708
427
452
510
709
821
939
962
991
232
255
278
313
336
359
664
687
710
733
756
814
837
860
883
352
381
498
556
711
734
936
959
982
15
81
96
98
202
205
225
582
689
712
735
758
795
950
97
471
552
713
995
113
127
136
159
167
294
346
369
562
585
597
608
631
654
677
700
714
723
896
919
942
83
111
197
215
216
446
486
589
624
647
669
692
715
900
963
152
170
261
341
417
456
515
531
694
716
717
761
877
878
964
987
129
152
170
261
341
417
456
531
646
716
717
744
761
855
877
878
987
109
390
718
719
741
754
109
396
413
695
701
718
719
741
754
64
190
317
334
357
380
539
574
628
720
769
792
838
841
996
2
13
71
83
111
193
238
387
410
446
463
469
486
508
647
669
670
721
738
763
773
786
809
140
474
722
113
127
136
159
167
346
369
562
585
597
608
628
631
654
677
700
714
723
746
896
919
942
286
436
558
581
604
627
649
724
787
960
22
224
304
356
391
408
638
725
851
857
84
165
314
406
536
599
726
847
907
181
266
307
371
525
584
607
648
681
727
762
807
849
854
1
66
164
412
527
550
594
636
705
728
859
876
997
61
142
559
645
729
789
801
812
824
835
858
115
138
270
362
483
730
868
961
396
413
535
639
695
696
701
731
764
208
251
257
280
303
326
349
450
490
732
278
336
664
687
710
733
756
814
837
860
883
352
381
498
688
711
734
959
982
96
98
110
202
205
225
689
712
735
758
795
950
51
293
506
736
776
799
822
845
926
984
50
64
150
190
403
516
651
683
737
792
815
2
7
13
106
193
238
364
387
410
463
469
508
526
653
670
721
738
763
773
786
809
832
986
30
250
273
284
296
319
342
365
388
394
502
503
538
554
623
630
671
739
750
784
895
918
924
7
25
48
106
129
134
175
220
364
433
440
445
492
526
612
646
653
693
740
832
855
986
109
390
512
718
719
741
754
149
321
344
367
373
390
397
512
547
616
656
742
777
21
44
67
104
144
271
605
643
743
804
827
850
965
25
48
129
134
152
261
417
456
492
531
612
646
717
744
761
855
163
267
347
451
745
802
929
136
317
357
539
562
597
628
677
723
746
838
996
40
240
351
465
557
580
747
69
85
379
437
661
748
782
880
891
61
142
254
360
383
749
778
812
824
835
30
157
243
284
394
479
503
554
623
635
739
750
767
784
901
918
941
1
101
164
325
335
389
550
594
613
751
958
997
12
107
188
231
245
268
291
461
553
576
703
752
755
847
28
115
362
425
483
753
109
390
718
719
741
754
12
107
130
188
222
231
245
268
291
461
513
553
576
703
752
755
209
232
255
278
301
313
336
359
382
664
687
710
733
756
791
814
837
860
883
191
256
279
306
320
521
640
757
922
110
121
225
248
300
666
689
706
712
735
758
781
795
950
5
16
39
92
270
402
460
707
759
903
961
173
338
426
430
447
453
760
129
152
170
261
341
417
456
531
646
716
717
744
761
855
877
878
987
147
180
204
266
307
434
457
525
561
584
600
607
648
658
727
762
790
807
849
854
947
2
7
13
106
193
220
238
364
387
410
463
469
508
526
653
670
721
738
763
773
786
809
832
986
109
396
413
639
695
696
701
731
764
103
218
241
252
275
570
593
765
909
932
955
978
6
15
29
52
75
81
133
156
179
582
668
766
884
927
988
30
157
243
394
479
503
623
635
694
750
767
901
918
941
186
290
324
405
428
618
768
779
64
190
317
334
357
380
539
574
720
769
792
815
838
841
996
17
194
478
770
810
875
983
11
62
161
247
385
609
684
771
794
938
29
38
52
58
119
277
415
772
904
2
13
71
106
193
238
387
410
463
469
508
526
670
721
738
763
773
786
809
24
99
101
325
335
389
573
590
613
774
797
958
208
234
257
490
519
657
775
870
293
506
736
776
845
926
984
149
172
321
344
367
373
390
397
512
547
616
656
742
777
937
35
228
254
337
360
383
438
622
749
778
186
209
232
255
278
290
301
313
324
359
382
405
641
768
779
791
906
24
43
99
187
366
567
590
596
780
797
820
882
974
104
110
121
248
300
392
666
691
706
758
781
804
11
69
247
379
385
437
748
782
794
880
891
938
27
196
265
386
472
545
783
925
948
30
250
273
284
296
319
342
365
388
394
502
503
538
554
623
630
671
739
750
784
895
918
924
3
26
53
158
203
330
681
704
785
813
831
970
2
13
71
193
238
387
410
446
463
469
508
669
670
721
738
763
773
786
809
263
286
309
442
581
604
610
626
649
724
787
960
80
131
155
183
206
287
655
679
788
846
863
58
119
559
645
729
789
801
858
881
147
180
204
227
266
318
411
422
434
457
480
561
577
600
658
762
790
854
872
947
186
209
232
255
278
290
301
313
324
336
359
382
405
641
664
756
779
791
814
906
64
190
334
380
516
574
683
720
737
769
792
815
841
148
171
355
564
793
852
11
62
247
385
437
609
684
771
782
794
938
98
110
205
225
666
689
712
735
758
795
950
59
60
88
128
151
174
192
239
262
400
485
532
555
566
578
601
796
940
980
24
99
187
389
573
590
774
780
797
820
974
372
395
418
441
464
542
611
798
893
51
316
339
506
736
799
822
845
0
126
132
149
172
195
218
275
298
321
570
593
678
800
909
932
937
955
61
559
645
729
789
801
812
824
835
858
163
347
428
618
745
802
929
76
89
118
312
458
481
571
602
803
21
44
104
144
248
271
392
643
691
743
781
804
827
965
34
85
184
414
661
805
817
915
409
518
806
933
147
180
181
266
307
371
525
584
607
648
727
762
807
849
854
26
49
53
158
203
295
330
399
548
625
808
813
826
830
831
993
2
7
13
71
106
193
238
364
387
410
463
469
508
526
670
721
738
763
773
786
809
832
17
194
478
770
810
875
983
114
137
178
310
327
454
477
500
523
546
569
811
869
943
966
989
61
142
360
383
645
729
749
801
812
824
835
858
26
49
53
158
203
295
330
399
704
785
808
813
830
831
209
232
255
278
301
313
336
359
382
641
664
687
710
733
756
791
814
837
883
906
50
64
190
334
380
516
574
683
737
769
792
815
125
200
305
455
816
833
967
979
34
184
224
414
805
817
828
915
67
73
87
90
182
294
323
605
620
818
850
861
873
973
14
65
169
308
331
354
462
514
543
652
819
911
934
957
24
43
99
187
366
567
590
596
780
797
820
882
974
427
452
510
709
821
916
939
962
985
991
51
316
339
506
736
799
822
103
229
252
264
350
420
489
823
886
978
61
142
360
383
729
749
801
812
824
835
858
370
451
595
825
952
49
135
289
295
353
548
625
808
826
830
993
21
44
104
144
271
392
605
643
691
743
804
827
850
965
34
184
224
356
414
638
817
828
857
915
10
79
541
829
862
885
908
931
954
956
990
49
53
135
158
203
289
295
330
399
548
625
808
813
826
830
831
993
26
49
53
158
203
295
330
399
704
785
808
813
830
831
2
7
13
25
48
106
134
175
220
238
364
410
433
440
445
469
526
612
653
670
693
738
740
763
809
832
986
102
200
305
482
816
833
839
977
57
68
91
108
201
207
322
333
345
592
632
834
892
897
61
142
360
383
729
749
801
812
824
835
858
95
249
272
348
571
836
853
981
278
336
664
687
710
733
756
814
837
860
883
64
190
317
334
357
380
539
574
628
720
746
769
838
841
996
102
482
833
839
862
954
977
990
57
91
201
230
276
299
322
333
431
592
702
840
897
914
920
64
190
317
334
357
380
539
574
628
720
769
792
838
841
996
42
146
221
514
537
560
583
606
629
842
865
888
911
917
946
43
47
237
260
366
567
579
617
843
899
935
162
444
844
51
293
506
736
776
799
845
926
984
80
160
183
287
443
466
655
679
788
846
863
12
107
188
291
576
599
726
752
847
907
244
393
474
848
975
181
266
307
371
525
584
607
648
681
727
762
807
849
854
21
44
67
73
144
182
271
323
605
643
743
818
827
850
965
973
22
224
304
356
391
408
638
725
851
857
148
355
564
793
852
95
249
272
348
571
836
853
147
180
204
266
307
434
457
525
561
577
584
600
607
648
658
727
762
790
807
849
854
947
25
48
129
134
152
261
417
433
445
492
612
646
693
717
740
744
761
855
223
282
378
856
22
224
304
356
391
408
638
725
828
851
857
61
142
559
645
729
789
801
812
824
835
858
66
412
527
636
659
682
705
728
859
876
997
687
710
733
756
837
860
883
87
90
167
182
294
323
369
608
620
631
818
861
873
942
973
79
541
829
839
862
885
908
931
954
956
990
80
160
183
287
443
466
655
788
846
863
18
41
311
340
361
384
407
470
493
551
674
697
864
8
42
146
221
439
537
560
583
606
629
842
865
888
917
946
969
78
210
214
237
260
283
302
343
358
544
579
617
619
866
889
905
912
935
951
139
404
421
533
686
867
968
976
115
138
362
483
730
868
114
253
276
310
327
454
523
546
569
811
869
943
966
208
234
257
519
657
775
870
77
100
416
497
572
871
998
204
227
250
296
318
319
388
411
422
434
457
480
502
561
577
600
658
790
872
947
73
87
90
167
182
294
323
369
608
620
818
861
873
942
973
22
45
46
68
108
207
304
368
615
632
874
892
194
478
770
810
875
983
1
66
164
412
527
594
636
705
728
859
876
997
152
170
261
341
417
456
515
531
716
717
761
877
878
964
987
170
243
341
417
456
515
531
694
716
717
761
877
878
964
987
246
259
409
505
591
614
879
69
85
247
379
437
661
748
782
880
891
38
58
119
559
645
789
881
24
43
187
366
567
596
780
820
882
974
232
255
278
313
336
359
664
687
710
733
756
814
837
860
883
6
15
75
81
96
133
156
179
202
582
668
766
884
927
988
79
541
829
862
885
908
931
954
956
990
103
229
252
264
350
420
489
823
886
173
288
315
363
449
476
499
887
42
146
221
514
537
560
583
606
629
842
865
888
911
917
946
9
70
122
210
214
283
302
343
358
866
889
905
912
951
398
890
11
69
247
379
385
437
748
782
880
891
45
46
68
108
207
345
368
615
632
834
874
892
372
395
418
441
464
542
611
798
893
31
54
123
520
894
969
992
30
250
273
284
296
319
342
365
388
394
502
538
554
623
630
671
739
784
895
918
924
90
113
127
136
159
167
294
346
369
562
585
597
608
631
654
677
700
714
723
896
919
942
57
68
91
201
230
299
322
333
345
431
592
834
840
897
177
217
332
459
488
511
534
587
898
921
43
47
237
260
366
567
579
617
843
899
935
83
111
197
198
215
216
423
446
486
509
589
624
647
669
692
715
900
963
30
157
243
284
394
479
503
554
623
635
694
750
767
901
918
941
219
242
269
401
495
568
637
902
910
5
16
39
92
270
460
707
759
903
961
29
38
52
58
119
277
415
772
904
9
70
78
122
210
214
283
302
343
358
866
889
905
912
951
186
209
232
255
278
290
301
313
324
336
359
382
405
641
664
779
791
814
906
188
291
314
406
536
599
726
847
907
79
541
829
862
885
908
931
954
956
990
0
103
195
218
241
275
570
593
678
765
800
909
932
955
978
219
265
269
386
545
902
910
925
221
331
462
514
537
543
560
583
606
629
652
819
842
888
911
917
934
946
9
70
78
122
210
214
283
302
343
358
866
889
905
912
951
116
297
375
663
913
945
57
114
201
230
253
276
299
431
569
592
702
840
914
920
34
184
414
805
817
828
915
452
467
487
565
588
821
916
939
962
985
221
514
537
543
560
583
606
629
842
865
888
911
917
934
946
30
157
284
365
394
479
503
538
554
623
630
635
671
739
750
767
784
895
901
918
924
941
113
127
136
159
167
346
369
562
585
597
608
631
654
677
700
714
723
896
919
942
114
230
253
276
299
431
569
592
702
840
914
920
17
177
217
459
587
898
921
20
145
191
256
279
320
640
665
757
922
14
37
59
65
82
94
105
128
285
308
354
377
491
549
675
676
923
957
30
250
273
284
296
319
342
365
388
394
422
502
538
554
623
630
671
739
784
895
918
924
265
269
386
545
783
910
925
948
293
506
736
776
845
926
984
6
15
29
52
75
81
133
156
179
582
668
766
884
927
988
9
32
55
70
122
233
306
521
642
928
163
347
428
618
745
802
929
251
303
326
349
372
450
542
634
930
79
541
829
862
885
908
931
954
956
990
0
126
132
195
218
241
275
298
570
593
678
765
800
909
932
955
978
4
518
806
933
14
65
169
308
331
354
462
514
543
652
819
911
917
934
47
78
210
237
260
544
579
617
619
843
866
899
935
116
352
556
663
711
936
959
982
0
126
132
149
172
195
298
321
344
367
373
397
656
678
777
800
937
11
62
161
247
385
609
684
771
782
794
938
427
452
510
709
821
916
939
962
985
991
37
59
82
105
128
151
192
262
377
400
555
566
578
675
676
796
940
980
157
243
479
503
515
635
694
750
767
901
918
941
964
87
90
113
127
159
167
294
346
369
585
608
620
631
654
677
700
714
723
861
873
896
919
942
114
253
276
310
327
454
523
546
569
811
869
943
966
171
328
944
116
297
375
663
913
945
146
221
514
537
560
583
606
629
842
865
888
911
917
946
147
180
204
266
318
411
434
457
480
561
577
600
607
658
762
790
854
872
947
27
196
292
386
472
545
783
925
948
74
258
448
529
949
98
110
121
205
225
248
300
666
689
706
712
735
758
795
950
9
70
122
210
214
283
302
343
358
866
889
905
912
951
140
370
595
825
952
162
444
953
79
482
541
829
839
862
885
908
931
954
956
990
0
103
126
132
195
218
241
275
570
593
678
765
800
909
932
955
978
10
56
79
541
829
862
885
908
931
954
956
990
14
37
65
82
94
105
169
285
308
331
354
377
462
491
549
652
676
819
923
957
1
101
164
325
335
389
550
594
613
751
774
958
352
381
498
556
688
711
734
936
959
982
263
286
309
442
581
604
649
724
787
960
5
16
92
270
707
730
759
903
961
452
709
821
916
939
962
985
83
111
197
215
216
423
446
486
589
624
647
669
692
715
900
963
157
170
243
341
456
479
515
694
716
877
878
941
964
987
21
44
67
73
104
144
271
605
643
743
804
827
850
965
137
178
310
327
454
477
500
523
546
811
869
943
966
989
125
200
305
455
816
967
979
421
533
686
867
968
976
8
31
42
146
439
520
865
894
969
992
3
26
181
371
681
704
785
970
27
196
236
292
424
472
522
660
971
994
97
552
972
995
44
67
73
87
144
182
323
605
620
818
850
861
873
973
24
43
99
187
366
567
590
596
780
797
820
882
974
244
393
848
975
139
404
421
686
867
968
976
102
305
482
833
839
977
990
103
218
241
252
275
570
593
765
823
909
932
955
978
125
200
455
816
967
979
59
88
128
151
174
192
239
262
400
485
532
555
566
578
796
940
980
95
112
124
226
249
272
348
836
981
352
381
498
556
688
711
734
936
959
982
17
194
478
770
810
875
983
293
506
736
776
845
926
984
185
452
467
487
565
588
821
916
939
962
985
2
7
25
48
106
134
175
220
238
364
410
433
440
445
469
526
612
653
693
738
740
763
832
986
170
243
341
417
456
515
531
694
716
717
761
877
878
964
987
29
52
75
156
179
277
668
766
884
927
988
23
137
178
310
327
454
477
500
523
811
966
989
79
102
482
541
829
839
862
885
908
931
954
956
977
990
427
510
709
821
939
991
8
31
123
439
520
894
969
992
49
135
289
295
399
548
625
808
826
830
993
236
424
499
522
528
660
971
994
97
471
552
713
972
995
317
334
357
380
539
574
628
720
746
769
838
841
996
1
66
101
164
412
550
594
613
636
728
751
859
876
997
19
54
77
100
117
416
572
699
871
998
