0.805272
0.700713
0.67739
0.689088
0.775042
0.827486
0.747808
0.678
0.66664
0.707957
0.778262
0.824021
0.737751
0.677143
0.669569
0.74806
0.827004
0.789063
0.761076
0.664093
0.711193
0.7519
0.81837
0.811492
0.703041
0.678978
0.689726
0.767439
0.830153
0.746368
0.68355
0.665526
0.708705
0.777858
0.820844
0.7412
0.673474
0.670977
0.745332
0.826545
0.791289
0.761364
0.666794
0.704556
0.752306
0.817469
0.817475
0.70534
0.678931
0.690974
0.759475
0.832559
0.746278
0.689963
0.664485
0.708427
0.778218
0.815413
0.7448
0.67144
0.673133
0.742834
0.825076
0.794104
0.758404
0.66989
0.699685
0.752962
0.816777
0.822745
0.708206
0.676159
0.692749
0.753037
0.834665
0.747213
0.69657
0.663799
0.706292
0.779201
0.810259
0.748092
0.670611
0.675618
0.740202
0.822151
0.797375
0.75376
0.673007
0.696196
0.754162
0.815638
0.826882
0.711725
0.670523
0.694866
0.748332
0.837276
0.748804
0.702806
0.664026
0.701276
0.780717
0.806797
0.75137
0.670707
0.677897
0.737967
0.81692
0.801005
0.749903
0.675775
0.693669
0.755318
0.813857
0.829296
0.715711
0.664109
0.69687
0.744899
0.840339
0.750469
0.708082
0.66513
0.693861
0.782506
0.804952
0.755384
0.671306
0.679538
0.736554
0.808671
0.80491
0.74775
0.678782
0.691781
0.75591
0.812102
0.828974
0.72006
0.659056
0.698574
0.742358
0.843222
0.752308
0.711563
0.666942
0.686475
0.784079
0.804272
0.759822
0.671949
0.680032
0.735857
0.798643
0.808778
0.747028
0.68253
0.689986
0.755479
0.810689
0.825519
0.724619
0.655803
0.70075
0.740351
0.845419
0.754916
0.71213
0.669355
0.680799
0.785528
0.804444
0.764117
0.673058
0.678506
0.735753
0.789406
0.812186
0.74732
0.686513
0.687954
0.75345
0.809565
0.820736
0.728977
0.653937
0.703554
0.738278
0.846423
0.758332
0.709877
0.672134
0.6769
0.78765
0.80507
0.76783
0.675173
0.674025
0.736145
0.782171
0.815572
0.748339
0.690204
0.686243
0.748841
0.808708
0.816959
0.732837
0.653066
0.706382
0.736067
0.845512
0.762391
0.707059
0.674779
0.674309
0.790269
0.805602
0.770487
0.67825
0.667381
0.736744
0.776761
0.819601
0.74961
0.693166
0.68517
0.741032
0.808049
0.814869
0.736897
0.652875
0.708737
0.734331
0.841571
0.767009
0.705615
0.677199
0.672676
0.792777
0.806283
0.771308
0.682152
0.661098
0.737072
0.772718
0.823869
0.750719
0.694868
0.684599
0.731528
0.807254
0.814102
0.741528
0.652803
0.710155
0.733196
0.834366
0.772015
0.705795
0.680192
0.671625
0.794702
0.807699
0.769292
0.686769
0.656664
0.737369
0.76972
0.827826
0.752157
0.694393
0.684422
0.722864
0.805965
0.814237
0.746184
0.652644
0.710011
0.732489
0.825906
0.776961
0.707131
0.683758
0.670569
0.795561
0.809855
0.76487
0.691816
0.654043
0.738405
0.767304
0.831032
0.754369
0.69092
0.684548
0.716071
0.804776
0.81497
0.750365
0.653014
0.707263
0.732108
0.818403
0.781622
0.709229
0.687285
0.669573
0.794619
0.812612
0.760477
0.696774
0.652776
0.7399
0.764935
0.832987
0.757273
0.685549
0.684673
0.710939
0.804287
0.815782
0.753633
0.654165
0.701424
0.731908
0.812409
0.786746
0.711737
0.690291
0.669256
0.790803
0.815898
0.75789
0.701688
0.652525
0.74128
0.762938
0.83284
0.760763
0.680825
0.684368
0.707074
0.804074
0.816339
0.755431
0.655954
0.694212
0.731493
0.807615
0.792521
0.714065
0.692311
0.669689
0.784155
0.819518
0.757237
0.707384
0.652875
0.742095
0.761814
0.829633
0.764774
0.678023
0.684049
0.704204
0.803664
0.817203
0.754788
0.65829
0.687996
0.730556
0.803734
0.79833
0.716124
0.692684
0.670715
0.776891
0.823003
0.758044
0.713757
0.65323
0.74186
0.761489
0.824068
0.769055
0.677005
0.684453
0.701864
0.802662
0.81874
0.751009
0.661067
0.683523
0.729796
0.800556
0.803648
0.718556
0.69035
0.672247
0.771022
0.826232
0.759927
0.720218
0.653758
0.739793
0.761809
0.818644
0.773151
0.677325
0.685256
0.699603
0.800567
0.820837
0.745474
0.663938
0.680448
0.729676
0.797607
0.807989
0.721548
0.685041
0.674124
0.766864
0.82998
0.762473
0.726292
0.655021
0.73485
0.762677
0.81491
0.777284
0.678669
0.685965
0.69786
0.796476
0.823395
0.740686
0.666501
0.678339
0.729717
0.794692
0.810716
0.724967
0.678724
0.675905
0.76397
0.834254
0.765042
0.731476
0.657009
0.727342
0.763851
0.812862
0.782262
0.680588
0.686192
0.697073
0.789514
0.826329
0.737686
0.669277
0.676888
0.729465
0.792438
0.810783
0.728745
0.673646
0.677341
0.761954
0.83837
0.767622
0.735
0.659559
0.719634
0.764836
0.812041
0.78786
0.682521
0.68548
0.697133
0.780651
0.82934
0.736237
0.672856
0.675577
0.728518
0.791126
0.807636
0.732776
0.67037
0.679169
0.76047
0.841743
0.770816
0.735729
0.662581
0.713541
0.765635
0.81212
0.793514
0.684742
0.683019
0.697894
0.772395
0.831976
0.735906
0.676787
0.674037
0.726344
0.790612
0.802913
0.736688
0.668509
0.681637
0.75893
0.843793
0.774713
0.733556
0.665885
0.709223
0.767053
0.812714
0.798784
0.687754
0.677829
0.699252
0.766044
0.834573
0.736396
0.680554
0.672811
0.72199
0.79079
0.799028
0.740148
0.667665
0.684156
0.757189
0.843756
0.779159
0.730582
0.66901
0.706217
0.768991
0.813248
0.803185
0.691495
0.670504
0.70093
0.761448
0.837845
0.737252
0.683747
0.672302
0.71471
0.791545
0.79681
0.743795
0.667531
0.686222
0.755864
0.840489
0.784066
0.728836
0.671816
0.704161
0.770828
0.813871
0.80592
0.695819
0.663493
0.70243
0.758127
0.841431
0.73801
0.685888
0.672428
0.705784
0.792523
0.795952
0.748088
0.667566
0.687377
0.75514
0.833612
0.789271
0.728662
0.675103
0.702694
0.77208
0.815167
0.805864
0.700653
0.658374
0.703891
0.755744
0.844759
0.739102
0.686139
0.67312
0.697716
0.793287
0.79604
0.752507
0.6675
0.687027
0.754864
0.825031
0.794327
0.72962
0.678979
0.701226
0.772265
0.817135
0.803142
0.705789
0.655135
0.706092
0.753858
0.847372
0.741018
0.683657
0.674334
0.691605
0.794293
0.796787
0.756537
0.667928
0.684163
0.754957
0.817097
0.798932
0.73133
0.682846
0.699741
0.770669
0.819569
0.799966
0.710752
0.653275
0.708806
0.75191
0.84877
0.743697
0.679389
0.675819
0.687223
0.79614
0.797703
0.759738
0.669159
0.6782
0.75532
0.810519
0.803772
0.73348
0.686223
0.698865
0.766213
0.822309
0.798128
0.715506
0.652419
0.711427
0.750163
0.848126
0.747023
0.675887
0.677142
0.684116
0.798364
0.798401
0.761567
0.671065
0.670711
0.755612
0.805026
0.809127
0.735518
0.688654
0.698707
0.758769
0.825072
0.797793
0.720843
0.65216
0.713485
0.749159
0.844426
0.750932
0.674531
0.678621
0.681966
0.800401
0.799402
0.761083
0.67356
0.664159
0.755503
0.800316
0.814407
0.737301
0.68951
0.699104
0.750429
0.827288
0.798512
0.726685
0.651895
0.71449
0.748862
0.83817
0.755188
0.675172
0.681001
0.680306
0.801786
0.801119
0.757503
0.67656
0.659455
0.755625
0.796187
0.819102
0.739477
0.687749
0.699962
0.743313
0.828683
0.799958
0.732386
0.651727
0.713688
0.749116
0.831793
0.759318
0.67725
0.683953
0.678629
0.801988
0.803454
0.752026
0.679757
0.656323
0.756498
0.792206
0.822766
0.742286
0.682972
0.701124
0.737839
0.829996
0.801834
0.737438
0.652257
0.710012
0.749829
0.826956
0.76343
0.680334
0.686883
0.67731
0.800118
0.8063
0.747182
0.682744
0.654349
0.757623
0.788154
0.824829
0.745602
0.677003
0.702163
0.73358
0.831409
0.803592
0.74135
0.653533
0.703603
0.750778
0.823707
0.768317
0.683919
0.689309
0.676836
0.795228
0.809578
0.744152
0.685984
0.653242
0.758474
0.78468
0.824308
0.74935
0.672182
0.702766
0.73014
0.832405
0.805213
0.743428
0.655399
0.696739
0.751476
0.821554
0.773786
0.687381
0.690707
0.677128
0.788112
0.813014
0.742759
0.690161
0.652516
0.758595
0.782161
0.820576
0.753434
0.669198
0.703609
0.727206
0.832591
0.807337
0.742604
0.657774
0.691366
0.751843
0.82012
0.779216
0.690923
0.690241
0.678044
0.781271
0.816144
0.742565
0.694887
0.651747
0.757433
0.7805
0.815122
0.757499
0.667701
0.705025
0.724227
0.831589
0.810102
0.738702
0.660489
0.687743
0.752674
0.818991
0.784127
0.695095
0.686857
0.679495
0.776158
0.81922
0.74328
0.699628
0.651424
0.754045
0.779605
0.810433
0.761171
0.667287
0.706438
0.721032
0.82883
0.813346
0.733777
0.663103
0.685422
0.753953
0.817539
0.788037
0.699871
0.680951
0.681234
0.772711
0.823009
0.744479
0.703935
0.651987
0.747593
0.779379
0.807475
0.765017
0.667663
0.707327
0.718283
0.823311
0.816973
0.730033
0.665407
0.684032
0.755051
0.815803
0.790209
0.705083
0.674919
0.682773
0.770459
0.827221
0.745676
0.70727
0.65335
0.739173
0.779488
0.805988
0.769579
0.668318
0.707237
0.716284
0.814599
0.820842
0.727975
0.668167
0.683229
0.75547
0.814377
0.789574
0.710627
0.670496
0.68417
0.769073
0.831278
0.747253
0.708725
0.655406
0.731317
0.779467
0.805544
0.774373
0.668929
0.705598
0.714954
0.804478
0.824546
0.727215
0.671586
0.68243
0.754728
0.813339
0.786187
0.716282
0.667787
0.686233
0.768144
0.834729
0.749753
0.707294
0.658076
0.725276
0.779676
0.80585
0.778874
0.670069
0.701436
0.714261
0.79538
0.827767
0.727375
0.675072
0.681544
0.752148
0.812577
0.782267
0.72156
0.666332
0.68882
0.767104
0.837089
0.753146
0.703666
0.66108
0.720898
0.780769
0.806434
0.782647
0.672111
0.694076
0.714146
0.788121
0.831174
0.728154
0.678133
0.681197
0.746669
0.812096
0.779808
0.726351
0.665782
0.691321
0.766148
0.837572
0.757305
0.700341
0.663923
