3.813759166849477911e+00
7.614690988063163246e+00
1.339152988312298653e+01
1.316865631313601703e+01
5.885630403128189414e+00
1.643541904965062139e+00
4.385332302177623598e-01
2.700836916582374236e-01
4.565327369055190432e-01
1.048246013106157282e+00
2.652817544462869215e+00
6.922292824537772837e+00
1.528249725492098676e+01
1.475275414259247420e+01
3.424714529370639138e+00
-2.117592314187991320e+00
-4.485428620062251959e+00
-7.135647586697688283e+00
-1.073712186785120615e+01
-1.209273409211989048e+01
-8.653211929640661992e+00
-5.155753549413272019e+00
-4.180693038320206334e+00
-5.333698054519532938e+00
-8.409707113338482642e+00
-1.212385241873710129e+01
-1.148785543663341180e+01
-6.874589261245068528e+00
-4.037754688249601820e+00
-3.800494017213679410e+00
-5.551268465823985920e+00
-9.320293659945697584e+00
-1.302933093164843470e+01
-1.072700855893180893e+01
-5.559794405747347845e+00
-3.143092457054148081e+00
-3.198443581472555142e+00
-5.100429908234713317e+00
-9.220875330857149166e+00
-1.365258845449614533e+01
-1.104614362840957931e+01
-5.035050204955898501e+00
-2.258243208228881027e+00
-1.961685896662797246e+00
-3.136620065749230690e+00
-6.246410314543562770e+00
-1.202226838279301546e+01
-1.459859614681396778e+01
-7.647958365771168054e+00
-2.067323150935968190e+00
-1.968101145212018954e-01
3.788189046096815393e-01
8.989168417516599785e-01
2.058401031107162549e+00
5.027953872827871429e+00
1.173284104389516180e+01
1.675585320374670317e+01
7.743741942091332042e+00
1.622743874105443129e-01
-2.681742858505769433e+00
-4.763905805923695169e+00
-8.170063116571313344e+00
-1.239570045816985377e+01
-1.190405627834777569e+01
-6.727470752305912960e+00
-3.535771833816975018e+00
-3.086749598957664542e+00
-4.539187244154459400e+00
-8.108073503753610467e+00
-1.295018709885727581e+01
-1.229124626863726988e+01
-6.229339842039578024e+00
-2.696497593244181257e+00
-2.011078074776035507e+00
-2.933600437558329777e+00
-5.653372316115361507e+00
-1.102335163187799694e+01
-1.479688149343460601e+01
-8.907019162991737460e+00
-2.765447474574925568e+00
-5.483152252748060285e-01
7.536417618096565366e-03
2.107788369731428135e-01
5.053688570428381821e-01
1.250471892168260046e+00
3.285666023167946204e+00
8.642275921004577199e+00
1.711377907570646784e+01
1.194908049545502671e+01
1.250502761331779400e+00
-3.101462515875327508e+00
-5.368791932988100868e+00
-8.276310694949888358e+00
-1.145926015291254885e+01
-1.118717098635820406e+01
-7.445804695581885291e+00
-4.881900109022013545e+00
-4.700313491372261510e+00
-6.506622845220741524e+00
-9.945439882846937252e+00
-1.233350267737991501e+01
-9.695926824536112321e+00
-5.689528670868987170e+00
-4.098023272422298469e+00
-4.769786652940716465e+00
-7.401055194507616619e+00
-1.138853826854115781e+01
-1.236526853594273945e+01
-8.029954845500666849e+00
-4.385852178916104016e+00
-3.522021295200049806e+00
-4.727328524504632590e+00
-7.963007856058194278e+00
-1.238583334956097914e+01
-1.221984123855551907e+01
-6.849012646140346661e+00
-3.399689891476135095e+00
-2.785085518016365391e+00
-4.030598471716245079e+00
-7.336349063500622769e+00
-1.250277417645453681e+01
-1.317266277785020279e+01
-6.940656812984519419e+00
-2.691973283459289323e+00
-1.580490346759737541e+00
-2.046378799941148241e+00
-3.908584843658960306e+00
-8.233614783778255841e+00
-1.448478249018339881e+01
-1.258908964013629905e+01
-4.512994961083532708e+00
-5.388711165652029234e-01
7.732394100258757064e-01
1.740930268197807163e+00
3.673219995626169965e+00
8.088601292291599520e+00
1.476766035619611372e+01
1.284649818104166563e+01
4.203538054920642253e+00
2.139436950658324399e-04
-1.546049804906264757e+00
-3.060462349678825689e+00
-6.160541255016432238e+00
-1.183912695091928136e+01
-1.459006932340557761e+01
-7.874388723931168066e+00
-2.248773561579032965e+00
-3.537308055828426445e-01
1.542704744466920630e-01
4.620386509080361970e-01
1.072770040566087602e+00
2.662169511109185205e+00
6.837117255534907123e+00
1.500758341244049454e+01
1.486552221132221341e+01
3.775353418663121019e+00
-1.814020922087945076e+00
-4.159172367646563728e+00
-6.758589162305685960e+00
-1.052192945308914851e+01
-1.241708329724684745e+01
-9.028402365746771352e+00
-5.137539721902054879e+00
-3.872683845394421009e+00
-4.794791773416232417e+00
-7.694730739580903922e+00
-1.183827426282937623e+01
-1.226849142679128235e+01
-7.484943602614302804e+00
-3.978867909143732451e+00
-3.281294338867959404e+00
-4.579084048736037360e+00
-7.942080472502721200e+00
-1.260106396619673674e+01
-1.235880402222325181e+01
-6.645130462298045160e+00
-3.077110193345474087e+00
-2.388010539775161423e+00
-3.452686022386331377e+00
-6.466125188925738065e+00
-1.184112000799158615e+01
-1.409536042701724057e+01
-7.851474817550500696e+00
-2.678890903924746159e+00
-1.028353949600065764e+00
-9.509525326312567861e-01
-1.707470801525616588e+00
-3.777896039126641181e+00
-8.707915614273979088e+00
-1.572105063416318060e+01
-1.201219447118595340e+01
-2.962326548986115249e+00
9.904149283023004902e-01
2.732814778717770121e+00
5.004488222125749175e+00
9.272244944755907881e+00
1.379570251681392179e+01
1.100232946210149088e+01
4.860976389160929223e+00
2.071548689390800391e+00
1.729011188162688395e+00
2.758942192270961602e+00
5.576974294332098125e+00
1.123237641216950600e+01
1.514391307846583601e+01
8.639292202610494797e+00
2.262220280702118114e+00
-4.264266235483157863e-02
-8.982662985440137415e-01
-1.910680610985787453e+00
-4.218437032731319647e+00
-9.462893805275994552e+00
-1.585824159740202077e+01
-1.094728047857338993e+01
-2.577180559436564877e+00
8.760039974719225908e-01
2.439202140121179418e+00
4.589110107201690880e+00
8.835967409332365463e+00
1.395143527309012832e+01
1.162166410230478597e+01
4.908367701501101799e+00
1.689084664661586466e+00
1.024669155833642487e+00
1.467915445059576829e+00
3.003024039427924397e+00
6.789836232388872794e+00
1.372446178133129102e+01
1.461310615781673050e+01
5.501158594923331258e+00
1.436114672940526082e-01
-1.817481432569558519e+00
-3.503954520054413102e+00
-6.732482933438956429e+00
-1.212286767342158633e+01
-1.383859553732656344e+01
-7.481319705124128916e+00
-2.603920712988188058e+00
-1.125253429912874248e+00
-1.180239252173770348e+00
-2.184785925059765876e+00
-4.822744817400717920e+00
-1.063631071162179786e+01
-1.606182143137576901e+01
-9.345434787928553533e+00
-1.743309840663811894e+00
1.164079771996609391e+00
2.690830716198854944e+00
5.086298045281713698e+00
9.719992613774081747e+00
1.428981910958472490e+01
1.052194406190483100e+01
4.133294669532493693e+00
1.460742525083761345e+00
1.022477822517805501e+00
1.596209686312430653e+00
3.353532390868438018e+00
7.606883466680272932e+00
1.464772042056851831e+01
1.355615221199317411e+01
4.381657629481195748e+00
-2.753982953957790913e-01
-2.056762891009901395e+00
-3.886975150722205008e+00
-7.475317653104189830e+00
-1.290599241934202013e+01
-1.315631762113490133e+01
-6.458798419083362496e+00
-2.237794793028112128e+00
-1.116031815867133847e+00
-1.356039542558438615e+00
-2.624583080545290770e+00
-5.835239776860102978e+00
-1.230583524019076691e+01
-1.555069807022461958e+01
-7.223771056470379648e+00
-8.931579840671579618e-01
1.392878173193540681e+00
2.893560504900286379e+00
5.571597252588317950e+00
1.062937330403667602e+01
1.449841775130359167e+01
9.385263375981995893e+00
3.344108071800106607e+00
1.100566884181833682e+00
7.573388427235406839e-01
1.215916293918696489e+00
2.625109852320751447e+00
6.189226589608900042e+00
1.331052326636798355e+01
1.548988084316906999e+01
5.920162753893408514e+00
-1.448309643903069321e-01
-2.419020456480898140e+00
-4.406736964472192319e+00
-7.978523726164254093e+00
-1.276764042728003012e+01
-1.236004378022358097e+01
-6.451018277331082906e+00
-2.874637617081727381e+00
-2.173672233208712612e+00
-3.150832038266949908e+00
-5.993716587265222273e+00
-1.138455903952148596e+01
-1.452384474665371705e+01
-8.442915491398409245e+00
-2.722445229596301530e+00
-7.527513627197128798e-01
-3.976218453522353813e-01
-5.928999574569930875e-01
-1.296195700741931800e+00
-3.178293384522273168e+00
-7.994311554064777781e+00
-1.607424673371149382e+01
-1.305432512890019403e+01
-2.583276424006025085e+00
2.058767997834217489e+00
4.225212407273131632e+00
6.989410495957830705e+00
1.097818128537481108e+01
1.252273916658502273e+01
8.540029302058210092e+00
4.663191660247052006e+00
3.563730798109187248e+00
4.592138331310133381e+00
7.628423755033821863e+00
1.204800227747003127e+01
1.248954377061277121e+01
7.313528136257986922e+00
3.625728955449552426e+00
2.842479684940375950e+00
3.977693104654348222e+00
7.139659497272301536e+00
1.222126167138754127e+01
1.330049670391673899e+01
7.295275279440333271e+00
2.910057599232284353e+00
1.718535771431854764e+00
2.195345430386805852e+00
4.137705938613964740e+00
8.570865601202029893e+00
1.456389783351681899e+01
1.212198362767252036e+01
4.340547267035236523e+00
6.515846258946081937e-01
-5.075268485275287178e-01
-1.259468236943134478e+00
-2.713535814326475393e+00
-6.215229923748502472e+00
-1.306507122461757220e+01
-1.531456987767471745e+01
-6.269948854087674661e+00
-3.071071044275136552e-01
1.873381701776836383e+00
3.599354345971915503e+00
6.790338473017051513e+00
1.201974191219602162e+01
1.367267410977288833e+01
7.586372648750839609e+00
2.838487096843883339e+00
1.431533368482195590e+00
1.661856454003469707e+00
3.100632576140968322e+00
6.657634316545930631e+00
1.311591742306545072e+01
1.456903889327925228e+01
6.277355439627611666e+00
9.201683960493822756e-01
-9.246070250244905475e-01
-2.094744264799710987e+00
-4.236928265722968767e+00
-8.847600827766244791e+00
-1.477498312247585766e+01
-1.176114427759371139e+01
-4.017871237520330041e+00
-4.940162730984974937e-01
6.403172037601827515e-01
1.480148018823280509e+00
3.181088772068141779e+00
7.205797322554176709e+00
1.419542941073533271e+01
1.408161144710367019e+01
4.937403192532630491e+00
-3.868348132402214812e-02
-1.886086101202055332e+00
-3.610685037880746240e+00
-6.971322231243241241e+00
-1.243326891271076917e+01
-1.366339622043837743e+01
-7.088439608551065696e+00
-2.412454037315833855e+00
-1.046033204165767616e+00
-1.122010561505751403e+00
-2.104831276981855570e+00
-4.686893442572110047e+00
-1.045695722240795256e+01
-1.615187643267751483e+01
-9.573377747716207864e+00
-1.756102275375522215e+00
1.261836010262670671e+00
2.852944419262567699e+00
5.334074017868985607e+00
1.000685601122782309e+01
1.419271078960750820e+01
1.013750426284450867e+01
4.056312242513122612e+00
1.612478341724275621e+00
1.341273002556121030e+00
2.211549825980133832e+00
4.634649119190730637e+00
9.981238338913300367e+00
1.564395579463180219e+01
1.025551480667921389e+01
2.580745481407944020e+00
-4.821372915571841000e-01
-1.782948114810466889e+00
-3.503848648670487176e+00
-7.177063254246529134e+00
-1.320307951030083338e+01
-1.375775477584119777e+01
-6.165629232466655729e+00
-1.464614754135665775e+00
-2.705213480929002934e-03
5.216487177778386108e-01
1.170848706830740049e+00
2.714569719525426361e+00
6.615090322624453734e+00
1.419212031773613703e+01
1.507051751850984900e+01
4.829894502518154553e+00
-8.635753746489417404e-01
-3.107035072546852739e+00
-5.397901040776615034e+00
-9.302116165355604593e+00
-1.309492795099864360e+01
-1.074917562467295795e+01
-5.496902729413174704e+00
-3.048367543616290476e+00
-3.073670003669130679e+00
-4.917319575633128714e+00
-8.993962166621930265e+00
-1.365764907720378041e+01
-1.134526841389038587e+01
-5.143117247908938872e+00
-2.174106406697855931e+00
-1.750002542242745207e+00
-2.733479150406492586e+00
-5.479088109184456989e+00
-1.103504158209361563e+01
-1.513673884285980620e+01
-8.892483130473728181e+00
-2.425006843286692249e+00
-5.778500132023492442e-02
7.754106252683707901e-01
1.678133978917876412e+00
3.715537616229547258e+00
8.497675005462832942e+00
1.547982578361588679e+01
1.231257971453323385e+01
3.290030234697546963e+00
-7.613598867489492772e-01
-2.466747720274617084e+00
-4.574483465198499132e+00
-8.652134422397269375e+00
-1.366475712471722481e+01
-1.179081778875771214e+01
-5.279203335105828288e+00
-2.010349284265350533e+00
-1.386129499081982797e+00
-2.053418997273754876e+00
-4.142743378479218919e+00
-8.909990321227610366e+00
-1.514228182797026889e+01
-1.171187829367828392e+01
-3.585736781405054696e+00
1.898865766626928187e-02
1.345781620101903941e+00
2.719971475334034050e+00
5.632160327845400438e+00
1.134541676694701096e+01
1.512997527552297328e+01
8.493274542738491917e+00
2.181784759215098290e+00
-8.288883354296433525e-02
-9.426259474044484943e-01
-1.995296277974497823e+00
-4.403389422302421252e+00
-9.806472255792929360e+00
-1.592749445924670759e+01
-1.047289522754956081e+01
-2.352161453740907238e+00
9.147552729151315898e-01
2.439054841322696010e+00
4.611120883939143766e+00
8.923668316113825938e+00
1.405216875801886900e+01
1.152755428054778442e+01
4.767291791571006243e+00
1.583362488783289557e+00
9.125116949211460327e-01
1.286193079563835884e+00
2.640163579502857516e+00
6.049117037313060941e+00
1.286242723735292692e+01
1.550931622939406829e+01
6.504933684156826601e+00
3.485435679267711029e-01
-1.906641755252463044e+00
-3.653664358299972825e+00
-6.846003571202595062e+00
-1.201868632838969653e+01
-1.358375259298660964e+01
-7.575543590949135542e+00
-2.907627283231367876e+00
-1.546206894602072168e+00
-1.851089198284743720e+00
-3.459051215441366178e+00
-7.333424472216705681e+00
-1.375134413067192618e+01
-1.374246447605317734e+01
-5.495058630644774844e+00
-7.972169714994647993e-01
7.714745650504611918e-01
1.791251785395588936e+00
3.711277446064771723e+00
8.034585045375502332e+00
1.455128544099683374e+01
1.288905651873881020e+01
4.468533677342613863e+00
2.806619534807486271e-01
-1.186580247294331203e+00
-2.455944339340800919e+00
-5.047011545165890567e+00
-1.037303241471948034e+01
-1.523829058542912840e+01
-9.745458505144730665e+00
-2.784904357369788475e+00
-9.218433711254987728e-02
8.499168986868100850e-01
1.823029486874337746e+00
3.979048233208887897e+00
8.922562822069464161e+00
1.556005432493257956e+01
1.170695032493590304e+01
3.100448747739164013e+00
-6.341926569012830139e-01
-2.202386426553920806e+00
-4.171013333085743291e+00
-8.125877920127098974e+00
-1.358679282513592845e+01
-1.249681431460513892e+01
-5.545637912782035883e+00
-1.790067234770475801e+00
-8.623415736783162089e-01
-1.069579395996502535e+00
-2.125187355713201942e+00
-4.861009989016585209e+00
-1.095016160327737609e+01
-1.633927064159094655e+01
-8.885079553509735106e+00
-1.229177024666750606e+00
1.667342411893077969e+00
3.391157767785040189e+00
6.220429891604423389e+00
1.107565294627345587e+01
1.381244583894484457e+01
8.747122961042657963e+00
3.605573697710311443e+00
1.880162078936618020e+00
2.099310302638676351e+00
3.752573701783907811e+00
7.685131918201507872e+00
1.377795619242677105e+01
1.321414608403376967e+01
5.430318646665281968e+00
1.125533424549290729e+00
-2.006233991966318020e-01
-7.997799408643088137e-01
-1.741189417981353182e+00
-4.029155034306334926e+00
-9.424584292067548219e+00
-1.629340021873722932e+01
-1.096332194665218651e+01
-2.087328147498563879e+00
1.533655579497018584e+00
3.355124683903151883e+00
6.004642871909915414e+00
1.055594330676568937e+01
1.364158263989319764e+01
9.349854946911158038e+00
4.170000672526052554e+00
2.295851162456780337e+00
2.550039996629943406e+00
4.427143304172528993e+00
8.664836193896185534e+00
1.409428947855816538e+01
1.189942238311049039e+01
4.827687379492434872e+00
1.394513933161629193e+00
5.504657205761647187e-01
6.142282640787486425e-01
1.224143954860950956e+00
2.876228657139166867e+00
7.093840114038968636e+00
1.491800333155908653e+01
1.442172654032856194e+01
3.972754595835642277e+00
-1.309624744727909462e+00
-3.500917392074921697e+00
-5.969767203731980665e+00
-9.994550776335701769e+00
-1.304503062024287097e+01
-9.875182793772951939e+00
-5.083838183559380219e+00
-3.172582373398442179e+00
-3.571410165405130677e+00
-5.871414771965286050e+00
-1.032989531489450030e+01
-1.370052941244152400e+01
-9.651675729218935018e+00
-4.296748973364547197e+00
-2.268034827523250030e+00
-2.420068123687046047e+00
-4.154624211116233035e+00
-8.188191105767836930e+00
-1.384255696633224453e+01
-1.250074042888453896e+01
-5.251734489847136089e+00
-1.456677408801517526e+00
-4.449961353956227716e-01
-3.663531411656824610e-01
-6.822154799452569973e-01
-1.592278498849475588e+00
-4.029321374100875097e+00
-1.005918311281887156e+01
-1.729128264172581098e+01
-9.890554383125325089e+00
-6.533510543075979893e-01
2.914717966495660395e+00
5.087857924665317277e+00
8.252571078139309790e+00
1.192440956536644059e+01
1.152141520335651315e+01
7.096939480873286854e+00
4.238926952907342560e+00
3.962271038285725577e+00
5.692505213714135870e+00
9.386434576811426567e+00
1.289127419755973669e+01
1.059453139668838340e+01
5.639976931786679692e+00
3.342474694823036163e+00
3.492796437002989585e+00
5.543428168149151070e+00
9.748993805461619644e+00
1.357837165792766143e+01
1.035020484351436387e+01
4.800606508423522989e+00
2.458335506452237862e+00
2.461804508876132669e+00
4.085826444295527438e+00
7.940817541387264811e+00
1.353520205406325516e+01
1.275648029343860834e+01
5.656681446591978357e+00
1.716153740712722531e+00
6.786570988180341546e-01
7.260339323392034361e-01
1.409423758188352860e+00
3.255593259742448176e+00
7.850823187577594453e+00
1.549506022455167553e+01
1.327644950736639728e+01
3.317569987330335035e+00
-1.318783152161838279e+00
-3.334551879105312366e+00
-5.817759313968992707e+00
-1.002967713694862617e+01
-1.334466626498785580e+01
-9.922726100396561222e+00
-4.809129902037063253e+00
-2.773846172293043200e+00
-3.030936647597482381e+00
-5.071308672979838228e+00
-9.422581406195158493e+00
-1.398334451337990814e+01
-1.086158003106667458e+01
-4.604603477585937021e+00
-1.845221788632471105e+00
-1.466563186929129348e+00
-2.334906024399974189e+00
-4.797285205531109042e+00
-1.013519774865127232e+01
-1.548935156351005205e+01
-1.005622523928063927e+01
-2.664272089644143637e+00
2.542242278769845099e-01
1.417829477247171344e+00
2.860169188933151752e+00
6.022864953984051084e+00
1.204978844408276295e+01
1.500330802734771751e+01
7.602313819674657580e+00
1.669472478820535066e+00
-3.915613491793557555e-01
-1.333262732150497065e+00
-2.750614612523139879e+00
-6.001769759474216315e+00
-1.233172185817072730e+01
-1.525045578614175490e+01
-7.224541432193928081e+00
-1.157565634659408760e+00
9.915114139205811750e-01
2.264280183910675426e+00
4.486377243767172729e+00
9.127154756433345284e+00
1.466697351806362626e+01
1.136334742607322923e+01
4.032962340578868599e+00
7.741395649669750023e-01
-1.589029292296512685e-01
-6.026151691772516639e-01
-1.349838807877816738e+00
-3.218935109513624937e+00
-7.906359653233581142e+00
-1.573577431176040697e+01
-1.319656287731622335e+01
-3.012837547666081139e+00
1.630134166536689300e+00
3.714190880090555869e+00
6.337624773042461079e+00
1.051295590329168483e+01
1.304788404366386700e+01
9.252195054081898462e+00
4.686625933508289599e+00
3.085892661761687528e+00
3.687284300975687490e+00
6.210303506522979688e+00
1.085482092297414702e+01
1.367928331927713081e+01
9.002038960480597041e+00
3.908874632727163512e+00
2.156308548580687212e+00
2.446511622642610906e+00
4.316041797543320513e+00
8.563174327906107663e+00
1.415654673441168754e+01
1.205413687524869104e+01
4.794846550134533203e+00
1.245827656117104665e+00
3.082225979826218043e-01
1.767622474322133319e-01
2.998834017986081735e-01
7.004673972567492246e-01
1.801007699903512060e+00
4.842207300522667346e+00
1.219271205582555595e+01
1.758664286665768373e+01
6.841969867504651859e+00
-1.189823591825509341e+00
-4.197515760789583439e+00
-6.563451739665645768e+00
-9.760837040032795286e+00
-1.184367096878336589e+01
-9.651268085587481949e+00
-6.140751076001330411e+00
-4.703583446669831858e+00
-5.440709295328605144e+00
-8.029897094403301239e+00
-1.141818020566748082e+01
-1.155160467983339956e+01
-7.677429085421123567e+00
-4.791697463732186968e+00
-4.388776658394089480e+00
-6.017095321407652797e+00
-9.456359444561300620e+00
-1.248883334856233596e+01
-1.034999189634505967e+01
-5.928902299658978414e+00
-3.885968849090850163e+00
-4.227206475723122914e+00
-6.538497243312398233e+00
-1.065496403321657226e+01
-1.298735943708576634e+01
-9.081108265525474010e+00
-4.630501245075671513e+00
-3.129971801182946489e+00
-3.808532767743230352e+00
-6.429296233617845857e+00
-1.110233731343067021e+01
-1.355691590869744978e+01
-8.678688761737490154e+00
-3.800640910724199628e+00
-2.211345362314280916e+00
-2.619109871230457465e+00
-4.667073932073344977e+00
-9.155587451160791090e+00
-1.437914752732621260e+01
-1.128847888638771657e+01
-4.330069041769831095e+00
-1.202294649580905483e+00
-4.586552551541512868e-01
-5.111099689675339119e-01
-1.030797582586587824e+00
-2.448552640101835820e+00
-6.151859141428672295e+00
-1.383879158268664433e+01
-1.578788811757799060e+01
-5.148914234198878503e+00
1.083027467982042635e+00
3.523240444435634000e+00
5.909709051662733970e+00
9.693089886485086737e+00
1.275942414986242035e+01
1.014035939379031248e+01
5.527310763232540225e+00
3.547755928922985635e+00
3.929871765954546348e+00
6.262130022927397732e+00
1.056865794433348427e+01
1.332303681159717357e+01
9.274176496277885207e+00
4.435635709279628358e+00
2.720947351273462100e+00
3.178278668126064410e+00
5.450915760839567525e+00
1.005717837188196917e+01
1.410931833298567462e+01
1.006864130922517298e+01
4.109404319230590019e+00
1.730511182507666224e+00
1.530273022592788301e+00
2.556534157405343954e+00
5.317490390937503086e+00
1.104084204557734417e+01
1.546073157706542034e+01
8.871025137390516235e+00
2.094564624416774379e+00
-4.133079349263766855e-01
-1.507222064955076490e+00
-3.044941462721585612e+00
-6.466929172766477052e+00
-1.271475498157970385e+01
-1.466780841842451011e+01
-6.777421449025387012e+00
-1.287249857916773932e+00
5.788839495777431399e-01
1.561755632821391293e+00
3.211066406740125778e+00
6.967478628125206797e+00
1.351585032485441218e+01
1.423204642326473213e+01
5.786776574931120187e+00
7.182736269875527046e-01
-1.027511795175587217e+00
-2.237332925623209956e+00
-4.532649632355497005e+00
-9.389230143361896097e+00
-1.498279951581334224e+01
-1.104043640306093721e+01
-3.581679561065706174e+00
-3.972220553043294688e-01
6.266045100315741356e-01
1.434559327285344743e+00
3.114372006508603796e+00
7.127392406485399512e+00
1.420807945763723268e+01
1.421206812746495629e+01
4.914147723206649054e+00
-1.573342677575599313e-01
-2.063947007486749641e+00
-3.888765731679481252e+00
-7.398817102379961597e+00
-1.273197861660610997e+01
-1.318025149326310341e+01
-6.667797276872179602e+00
-2.423602219494207954e+00
-1.302699716984441869e+00
-1.635114713808705211e+00
-3.152482265921856985e+00
-6.870436326324707466e+00
-1.349387297823498244e+01
-1.438688226743993859e+01
-5.809433335577674384e+00
-6.202142356297360992e-01
1.193663697149705216e+00
2.512119843727695034e+00
5.029504755733670507e+00
1.013009673224799734e+01
1.496360331133086774e+01
1.005695473100857207e+01
3.216911000703450707e+00
5.114842911284296356e-01
-2.698684603498673895e-01
-7.494038039732165979e-01
-1.681733474817844964e+00
-4.042011063698014439e+00
-9.714102291571771630e+00
-1.672668425088314947e+01
-1.049642536528646630e+01
-1.469998906851231357e+00
2.113381438773467735e+00
4.097603434390233446e+00
7.060433425846328603e+00
1.145677050100758798e+01
1.282899782323309879e+01
8.080887123050818133e+00
4.007490348282846782e+00
2.917577461789130577e+00
3.847564886447281562e+00
6.751484282587666641e+00
1.168842451103217783e+01
1.352884328972076489e+01
7.968250644606176714e+00
3.283289569873628189e+00
1.888579982129532375e+00
2.308559142944526688e+00
4.243918548670865931e+00
8.633673321758347896e+00
1.443371947597168514e+01
1.201173785296545482e+01
4.467368913533971586e+00
8.807036626459049389e-01
-1.695436627474492530e-01
-6.585923997973034405e-01
-1.462241701197467547e+00
-3.454623737604928468e+00
-8.366585369639262026e+00
-1.598639871480454211e+01
-1.250058110910222275e+01
-2.687726465605423165e+00
1.616009698691420082e+00
3.616047449621469401e+00
6.258330573912743944e+00
1.055699157933434762e+01
1.322204617014867267e+01
9.248450767074523071e+00
4.514663897917312596e+00
2.849027833536730725e+00
3.364738696748228453e+00
5.740285904538513506e+00
1.039020590164886393e+01
1.398506585426021864e+01
9.628737941506752662e+00
3.998155241278737115e+00
1.869138343298104799e+00
1.850674755517033310e+00
3.183158430656896076e+00
6.547607059439776833e+00
1.263494146533592222e+01
1.449160331641516919e+01
6.883272352848581299e+00
1.528241094596628269e+00
-2.511259202485192077e-01
-1.028329594972039684e+00
-2.176452028471829170e+00
-4.880498246877678525e+00
-1.078599510249608429e+01
-1.610223432547392264e+01
-9.140374614818751908e+00
-1.600318884064590552e+00
1.263792110997439488e+00
2.820862677905279892e+00
5.311015549903634003e+00
1.003635014778269685e+01
1.427552254643526908e+01
1.011249494514748548e+01
3.958351885989372931e+00
1.495772393792806465e+00
1.178281260054967250e+00
1.921825788913681610e+00
4.054348270537824206e+00
8.982469831956683137e+00
1.548550718617540589e+01
1.162341663692498450e+01
3.170207531380303312e+00
-4.948201143015776848e-01
-1.995997403821876848e+00
-3.831529696215588920e+00
-7.596165646878351829e+00
-1.330688600057404081e+01
-1.316118468537568909e+01
-5.985198613410932289e+00
-1.752985945068957552e+00
-5.692002513742278058e-01
-4.849611732543580578e-01
-8.944866691570949602e-01
-2.060358986314075214e+00
-5.122261569821951355e+00
-1.205695557009718044e+01
-1.682723492610726623e+01
-7.285137359702717141e+00
2.045777589111519856e-01
3.018730964342084544e+00
5.203320050157682175e+00
8.703391097450747793e+00
1.250613998893963874e+01
1.126197877076715770e+01
6.355575643747527259e+00
3.657692793708505974e+00
