2.384323601376992841e+00
2.262817679371160295e+00
2.139609140064857140e+00
2.014329984136145058e+00
1.886712752884603717e+00
1.756583481105658873e+00
1.623855354381563920e+00
1.488522282062376245e+00
1.350652923394925820e+00
1.210384863635366015e+00
1.067918972262108745e+00
9.235139437875694579e-01
7.774810196002605034e-01
6.301786955843855509e-01
4.820077114940149454e-01
3.334060354354237976e-01
1.848439773551309173e-01
3.681939416230767259e-02
-1.101470224097178957e-01
-2.555163685318736499e-01
-3.987360574565570470e-01
-5.392442589777302064e-01
-6.764742383922299762e-01
-8.098585920123008153e-01
-9.388333709836395036e-01
-1.062842082153123702e+00
-1.181339568465249457e+00
-1.293795746636968946e+00
-1.399699196665449064e+00
-1.498560602690002908e+00
-1.589916018045967494e+00
-1.673329956937200436e+00
-1.748398313719748742e+00
-1.814751057191728245e+00
-1.872054738552106246e+00
-1.920014798680795387e+00
-1.958377621127000756e+00
-1.986932387601793026e+00
-2.005512673786436384e+00
-2.013997820587666965e+00
-2.012314045176967436e+00
-2.000435303264491260e+00
-1.978383903601175886e+00
-1.946230857567712746e+00
-1.904095975485714742e+00
-1.852147697904424684e+00
-1.790602680001326830e+00
-1.719725112202806327e+00
-1.639825788563236353e+00
-1.551260934471635489e+00
-1.454430786188100067e+00
-1.349777936668713485e+00
-1.237785455382463429e+00
-1.118974787276207028e+00
-9.939034438284114481e-01
-8.631624970604689917e-01
-7.273738862384702131e-01
-5.871875524056908713e-01
-4.432784137986346407e-01
-2.963431956940673628e-01
-1.470971317456908622e-01
3.729448429202697479e-03
1.553946279468611524e-01
3.071484927424408262e-01
4.582367842489884491e-01
6.079045866319967573e-01
7.554000572824028925e-01
8.999781450426974638e-01
1.040904314656387442e+00
1.177458226233897287e+00
1.308937376387356188e+00
1.434660667532915657e+00
1.553971892577206804e+00
1.666243117579826905e+00
1.770877941369095154e+00
1.867314620032039851e+00
1.955029037689804072e+00
2.033537503021313864e+00
2.102399371391149963e+00
2.161219451494118537e+00
2.209650223647088740e+00
2.247393817025117979e+00
2.274203750521516909e+00
2.289886441960498509e+00
2.294302454979962214e+00
2.287367485640290354e+00
2.269053081607891542e+00
2.239387089131458453e+00
2.198453824182013960e+00
2.146393962009040202e+00
2.083404150468530780e+00
2.009736340452894510e+00
1.925696840121269071e+00
1.831645095561964531e+00
1.727992199201834778e+00
1.615199134312946372e+00
1.493774764143514400e+00
1.364273570885990106e+00
1.227293156969817778e+00
1.083471518459928840e+00
9.334841057194966929e-01
7.780406720451333857e-01
6.178819485214001039e-01
4.537761434946516736e-01
2.865152780971088053e-01
1.169113960907886968e-01
-5.420736183485513893e-02
-2.260007700953088894e-01
-3.976206214279240925e-01
-5.682148881033175503e-01
-7.369319275056906982e-01
-9.029247068033473544e-01
-1.065355030359094624e+00
-1.223397744571307566e+00
-1.376244902673900761e+00
-1.523109865385725348e+00
-1.663231321426615672e+00
-1.795877201734489947e+00
-1.920348471429570436e+00
-2.035982778677816185e+00
-2.142157941926509324e+00
-2.238295256877586237e+00
-2.323862601500477076e+00
-2.398377350064106128e+00
-2.461409021739637382e+00
-2.512581696486031468e+00
-2.551576204834637984e+00
-2.578131996051023389e+00
-2.592048782149677599e+00
-2.593187839562363095e+00
-2.581473053602741707e+00
-2.556891630810823823e+00
-2.519494515455978689e+00
-2.469396487543931595e+00
-2.406775945995637045e+00
-2.331874376026727536e+00
-2.244995495697404753e+00
-2.146504098051121190e+00
-2.036824577778296064e+00
-1.916439150746460873e+00
-1.785885787048009155e+00
-1.645755847440937503e+00
-1.496691446359591504e+00
-1.339382547162032200e+00
-1.174563804372201314e+00
-1.003011170907454064e+00
-8.255382656551150111e-01
-6.429925624017952535e-01
-4.562513549330413642e-01
-2.662175967827888345e-01
-7.381553434871115926e-02
1.200137324115146953e-01
3.143168379832402826e-01
5.081328168517609267e-01
7.004978034485012106e-01
8.904498322242853092e-01
1.077033579666844876e+00
1.259305167991752850e+00
1.436336898038295340e+00
1.607221951867481513e+00
1.771078962424226244e+00
1.927056573524067229e+00
2.074337803804475744e+00
2.212144296013589972e+00
2.339740386685882356e+00
2.456436991019175675e+00
2.561595277161252238e+00
2.654630110894756534e+00
2.735013249559489878e+00
2.802276283417973524e+00
2.856013280824014622e+00
2.895883153219652950e+00
2.921611695920143692e+00
2.932993326559683034e+00
2.929892472483014210e+00
2.912244640425655451e+00
2.880057116415500218e+00
2.833409338026201318e+00
2.772452885743726281e+00
2.697411141547881197e+00
2.608578565101062008e+00
2.506319636835727671e+00
2.391067426178160815e+00
2.263321831437711040e+00
2.123647461361603650e+00
1.972671198493902711e+00
1.811079428796171342e+00
1.639614969498843555e+00
1.459073694381849418e+00
1.270300880395056176e+00
1.074187290549426077e+00
8.716650001399267600e-01
6.637030074593017748e-01
4.513026362753253529e-01
2.354927382260639246e-01
1.732475333009591417e-02
-2.021323932379432975e-01
-4.217974781726416822e-01
-6.405822923895878596e-01
-8.573969830454479801e-01
-1.071155464071177121e+00
-1.280780809352723315e+00
-1.485210654558409171e+00
-1.683402538958894690e+00
-1.874339189405513695e+00
-2.057033701697847050e+00
-2.230534602358229090e+00
-2.393930764273957124e+00
-2.546356145398566362e+00
-2.686994334404132712e+00
-2.815082871673190823e+00
-2.929917327837105567e+00
-3.030855120103340017e+00
-3.117319033812509410e+00
-3.188800455449884108e+00
-3.244862259397061965e+00
-3.285141387603934149e+00
-3.309351037869745937e+00
-3.317282529664467017e+00
-3.308806745536451821e+00
-3.283875234978695268e+00
-3.242520875492226118e+00
-3.184858180531201732e+00
-3.111083162023581039e+00
-3.021472824095480458e+00
-2.916384223760746242e+00
-2.796253141328203462e+00
-2.661592379541283027e+00
-2.512989608907268302e+00
-2.351104879487718069e+00
-2.176667759984562966e+00
-1.990474086193760428e+00
-1.793382386088957947e+00
-1.586309969794014618e+00
-1.370228701928982717e+00
-1.146160483313156231e+00
-9.151724601648616453e-01
-6.783719807507739841e-01
-4.369013254945062763e-01
-1.919322346554974967e-01
5.533973905043731989e-02
3.037010291816478191e-01
5.519259741618101067e-01
7.987828284418202474e-01
1.043039838084531601e+00
1.283471348765968134e+00
1.518863917698212163e+00
1.748022398901326380e+00
1.969775970781475039e+00
2.182984076815408514e+00
2.386542248559069268e+00
2.579387782019808117e+00
2.760505238219353785e+00
2.928931739140908874e+00
3.083126064369694497e+00
3.210930547425904891e+00
3.295213225933617540e+00
3.326500211105487104e+00
3.303938185593844334e+00
3.234586793267678395e+00
3.131627167842416348e+00
3.011852028189130337e+00
2.890701017624177194e+00
2.771168444256854713e+00
2.652276817118149665e+00
2.533187753132450037e+00
2.413195415853099934e+00
2.291717857093981792e+00
2.168288803566448486e+00
2.042550018513900945e+00
1.914244064266707790e+00
1.783207412706425909e+00
1.649363984593517518e+00
1.512718828522279013e+00
1.373352122099807948e+00
1.231413371458217609e+00
1.087115781135195691e+00
9.407307736054030256e-01
7.925826513082963043e-01
6.430433788075730073e-01
4.925274613587197203e-01
3.414869305922734188e-01
1.904064177903712074e-01
3.979831089500644736e-02
-1.098020001297798920e-01
-2.578407951963564981e-01
-4.037506078671898035e-01
-5.469547178742137916e-01
-6.868715471661074323e-01
-8.229189569862658260e-01
-9.545184270344374555e-01
-1.081099123530350870e+00
-1.202101834101952038e+00
-1.316982768888630639e+00
-1.425217213920977777e+00
-1.526303027381450850e+00
-1.619763969067719467e+00
-1.705152846136573919e+00
-1.782054477697467387e+00
-1.850088459311060918e+00
-1.908911718278319736e+00
-1.958220853701198028e+00
-1.997754252017309495e+00
-2.027293966726209984e+00
-2.046667365000956362e+00
-2.055748518070601882e+00
-2.054459352109575310e+00
-2.042770529584634787e+00
-2.020702086538452402e+00
-1.988323791066526569e+00
-1.945755256854886373e+00
-1.893165773976852817e+00
-1.830773898191328630e+00
-1.758846757848402387e+00
-1.677699126435930443e+00
-1.587692219244764225e+00
-1.489232266704716423e+00
-1.382768823222079169e+00
-1.268792868125557360e+00
-1.147834658439151001e+00
-1.020461392718616578e+00
-8.872746484584702609e-01
-7.489076532925950103e-01
-6.060223563324399487e-01
-4.593063581612975010e-01
-3.094696647566527736e-01
-1.572413483404153656e-01
-3.366048954305089769e-03
1.513995897762921705e-01
3.062905903222797876e-01
4.605373589997626138e-01
6.133694559701603488e-01
7.640193957643582889e-01
9.117264464205978580e-01
1.055740430574812816e+00
1.195325481074950957e+00
1.329763763058006365e+00
1.458359117746538480e+00
1.580440625051918735e+00
1.695366060659735608e+00
1.802525228228885501e+00
1.901343155541566965e+00
1.991283135777229374e+00
2.071849589865007335e+00
2.142590745575905675e+00
2.203101115599578996e+00
2.253023758630517737e+00
2.292052312684679016e+00
2.319932788726914108e+00
2.336465116442127954e+00
2.341504430426284866e+00
2.334962089990791689e+00
2.316806425922027568e+00
2.287063209839776512e+00
2.245815841170966554e+00
2.193205248425829534e+00
2.129429506941440842e+00
2.054743169972293337e+00
1.969456315269105584e+00
1.873933313988668470e+00
1.768591320962639601e+00
1.653898495808399094e+00
1.530371961665716540e+00
1.398575510558058621e+00
1.259117063604218378e+00
1.112645898291227065e+00
9.598496563112824953e-01
8.014511461469390197e-01
6.382049551676602928e-01
4.708938620972979994e-01
3.003251436702625288e-01
1.273266713090372704e-01
-4.725705028914972683e-02
-2.225690026240237929e-01
-3.977438267024134833e-01
-5.719120589639179464e-01
-7.442044473495248447e-01
-9.137562251261318602e-01
-1.079711465566998152e+00
-1.241227341418452035e+00
-1.397478397282792884e+00
-1.547660735078131733e+00
-1.690996123900848414e+00
-1.826735970525270591e+00
-1.954165240178741270e+00
-2.072606155513977200e+00
-2.181421784492255878e+00
-2.280019409928985663e+00
-2.367853721827629432e+00
-2.444429777812067162e+00
-2.509305738293794441e+00
-2.562095345374554523e+00
-2.602470153456762691e+00
-2.630161468283429560e+00
-2.644962016986882603e+00
-2.646727306693957615e+00
-2.635376695883513865e+00
-2.610894138116023999e+00
-2.573328625631846833e+00
-2.522794298127422952e+00
-2.459470242107190341e+00
-2.383599954932039910e+00
-2.295490499482232050e+00
-2.195511327762649678e+00
-2.084092790222966673e+00
-1.961724344174384127e+00
-1.828952446451534541e+00
-1.686378162117097235e+00
-1.534654481296155337e+00
-1.374483369941176925e+00
-1.206612558068010266e+00
-1.031832082243816062e+00
-8.509706046325999917e-01
-6.648915121332089617e-01
-4.744888305490456704e-01
-2.806829563236835079e-01
-8.441623982124474290e-02
1.133515675107041876e-01
3.116479776039758898e-01
5.094925163334629303e-01
7.059015439853162377e-01
8.998931136803846043e-01
1.090491854439425534e+00
1.276733838014907363e+00
1.457671428027747407e+00
1.632378066089088309e+00
1.799952985296179531e+00
1.959525817235778566e+00
2.110261077160772825e+00
2.251362500359450625e+00
2.382077205727797686e+00
2.501699670507290474e+00
2.609575487621131007e+00
2.705104896884804599e+00
2.787746056016684904e+00
2.857018052146024445e+00
2.912503617259439181e+00
2.953851554772123134e+00
2.980778838922068630e+00
2.993072401112228054e+00
2.990590565378203447e+00
2.973264152008708638e+00
2.941097213084277406e+00
2.894167423565708663e+00
2.832626094911444792e+00
2.756697837966008979e+00
2.666679846362870698e+00
2.562940829694273503e+00
2.445919573032634187e+00
2.316123153489831221e+00
2.174124796442214791e+00
2.020561402940924900e+00
1.856130737491772154e+00
1.681588307797552639e+00
1.497743929976178112e+00
1.305458023817019253e+00
1.105637615193438839e+00
8.992320924300170049e-01
6.872287422612413099e-01
4.706480556265157933e-01
2.505388505627791362e-01
2.797322882048448867e-02
-1.959586132166586947e-01
-4.201536906399058191e-01
-6.435016312940963212e-01
-8.648901387988372491e-01
-1.083210499944427196e+00
-1.297363102523908962e+00
-1.506262937942491886e+00
-1.708845063345911353e+00
-1.904069992940985223e+00
-2.090928993892089860e+00
-2.268449257884082026e+00
-2.435698924111265207e+00
-2.591791926014274328e+00
-2.735892638283492939e+00
-2.867220299003948814e+00
-2.985053183686800171e+00
-3.088732511042161288e+00
-3.177666056348841472e+00
-3.251331455347278077e+00
-3.309279181072149356e+00
-3.351135173623191577e+00
-3.376603112016492325e+00
-3.385466312885496265e+00
-3.377589244439614724e+00
-3.352918645462140912e+00
-3.311484237848365542e+00
-3.253399051321816504e+00
-3.178859303633900790e+00
-3.088143906027196905e+00
-2.981613514901195749e+00
-2.859709217154792871e+00
-2.722950762434096728e+00
-2.571934443584054097e+00
-2.407330536862442472e+00
-2.229880411455705147e+00
-2.040393219413175085e+00
-1.839742282006601393e+00
-1.628861087789349682e+00
-1.408739019460837794e+00
-1.180416731954126330e+00
-9.449812971494884195e-01
-7.035610472738744736e-01
-4.573202271596216173e-01
-2.074533996865475516e-01
4.482029363675578415e-02
2.982630588502878655e-01
5.516244710630194836e-01
8.036476182140415148e-01
1.053075287956271033e+00
1.298656209551875884e+00
1.539151284899141547e+00
1.773339805919224244e+00
2.000025605981692323e+00
2.218043129416784609e+00
2.426263379855033708e+00
2.623599720150183945e+00
2.809013496604320537e+00
2.981519451413569222e+00
3.137453366129516308e+00
3.259637489299862079e+00
3.332154303072055956e+00
3.347838841875531823e+00
3.308482551424221541e+00
3.223708227069006504e+00
3.108813141293332638e+00
2.981985230295496336e+00
2.856903085433524669e+00
2.734431565412828835e+00
2.613530120167933291e+00
2.493302831148326959e+00
2.372988585012615115e+00
2.251952076075265818e+00
2.129675259247151509e+00
2.005749422508135815e+00
1.879867715549014662e+00
1.751818143046003584e+00
1.621476829617051862e+00
1.488801660924031767e+00
1.353826187121364599e+00
1.216653744946335935e+00
1.077451793686348358e+00
9.364464322507101146e-01
7.939170593964909317e-01
6.501911827962741919e-01
5.056393490016546366e-01
3.606701813559578529e-01
2.157255264094899427e-01
7.127569526073171402e-02
-7.218520046723417294e-02
-2.141438196010155837e-01
-3.540720675784014837e-01
-4.914314785421287635e-01
-6.256774964178504206e-01
-7.562636519366978671e-01
-8.826456248158031093e-01
-1.004285191889609408e+00
-1.120654049608157399e+00
-1.231237499867061658e+00
-1.335537993156729941e+00
-1.433078516975453187e+00
-1.523405826399936824e+00
-1.606093500499926829e+00
-1.680744817891896004e+00
-1.746995443977392481e+00
-1.804515918088970050e+00
-1.853013935273325918e+00
-1.892236410099614075e+00
-1.921971323260649678e+00
-1.942049332773801762e+00
-1.952345157958608413e+00
-1.952778714787889225e+00
-1.943316016980551897e+00
-1.923969818611499294e+00
-1.894800019416384984e+00
-1.855913805824958018e+00
-1.807465554419317666e+00
-1.749656470599703306e+00
-1.682733993564157648e+00
-1.606990940204672036e+00
-1.522764423457097838e+00
-1.430434518131782351e+00
-1.330422712808929653e+00
-1.223190122890615017e+00
-1.109235505755041595e+00
-9.890930546978373705e-01
-8.633300137610575575e-01
-7.325440993357150710e-01
-5.973607554348251414e-01
-4.584302467115509705e-01
-3.164246186177755438e-01
-1.720345162037154041e-01
-2.596589860292258800e-02
1.210633489503370880e-01
2.683268798699614544e-01
4.150934178022068766e-01
5.606303336794389303e-01
7.042072497629260353e-01
8.450996568426099032e-01
9.825925217339682716e-01
1.115983871546146311e+00
1.244588332000561737e+00
1.367740606302777273e+00
1.484798873543258235e+00
1.595148091128531620e+00
1.698203183157551921e+00
1.793412099873777255e+00
1.880258727670713226e+00
1.958265642141065799e+00
2.026996682471000177e+00
2.086059334722080383e+00
2.135106918400199838e+00
2.173840546730387846e+00
2.202010878298385155e+00
2.219419610177159274e+00
2.225920755120478933e+00
2.221421633819866681e+00
2.205883643422041906e+00
2.179322726829830081e+00
2.141809609600799469e+00
2.093469733648976927e+00
2.034482948175374784e+00
1.965082905599792706e+00
1.885556200207378685e+00
1.796241252413536715e+00
1.697526894119993024e+00
1.589850721904470854e+00
1.473697206539767990e+00
1.349595537446817151e+00
1.218117244887260808e+00
1.079873603009683602e+00
9.355128137807184885e-01
7.857169949628948213e-01
6.311989862868025991e-01
4.726989814995650185e-01
3.109810082105779472e-01
1.468292707446666179e-01
-1.895562892248983666e-02
-1.855605706645558628e-01
-3.521638801835946242e-01
-5.179393571855405165e-01
-6.820603473414840190e-01
-8.437038401123058140e-01
-1.002054570297220781e+00
-1.156309103851324460e+00
-1.305679887956169960e+00
-1.449399244147383969e+00
-1.586723285288875296e+00
-1.716935735838878152e+00
-1.839351636510234478e+00
-1.953320913951309024e+00
-2.058231796777435285e+00
-2.153514061339218078e+00
-2.238642089536829527e+00
-2.313137718712928059e+00
-2.376572875896288739e+00
-2.428571981115158707e+00
-2.468814089610994689e+00
-2.497034800055525139e+00
-2.513027858560013872e+00
-2.516646523492072962e+00
-2.507804599528889788e+00
-2.486477220084545525e+00
-2.452701290662329114e+00
-2.406575660400391836e+00
-2.348260965184985949e+00
-2.277979173408104074e+00
-2.196012829671600386e+00
-2.102703973445806174e+00
-1.998452792627019026e+00
-1.883715932131262649e+00
-1.759004571742695200e+00
-1.624882160124318187e+00
-1.481961938732752282e+00
-1.330904149047546836e+00
-1.172413038583201672e+00
-1.007233596462269620e+00
-8.361480899664982536e-01
-6.599723933216972149e-01
-4.795521207417247078e-01
-2.957586017119818167e-01
-1.094846953401998751e-01
7.835950769583457931e-02
2.668511162483828691e-01
4.550589329643230929e-01
6.420480384657172301e-01
8.268843945911145132e-01
1.008639492741070232e+00
1.186394979986167275e+00
1.359247276796744508e+00
1.526312133448063602e+00
1.686729125642731253e+00
1.839666051429220239e+00
1.984323213659484608e+00
2.119937565809117075e+00
2.245786698089825784e+00
2.361192644412567265e+00
2.465525489089424038e+00
2.558206754847168085e+00
2.638712557819954618e+00
2.706576504940582328e+00
2.761392322974965285e+00
2.802816207434862594e+00
2.830568870476885213e+00
2.844437281288578756e+00
2.844276089684214526e+00
2.830008719792532990e+00
2.801628126399357654e+00
2.759197217207100206e+00
2.702848923614421306e+00
2.632785931451732342e+00
2.549280054496144032e+00
2.452671275725119671e+00
2.343366428355404540e+00
2.221837556201780473e+00
2.088619923052551730e+00
1.944309715661330484e+00
1.789561415867629846e+00
1.625084881492846911e+00
1.451642128680565413e+00
1.270043841090586101e+00
1.081145619575144323e+00
8.858439833761282411e-01
6.850721547668719991e-01
4.797956273356761003e-01
2.710075627343528359e-01
5.972401171623445415e-02
-1.530209916964831995e-01
-3.661804722653864141e-01
-5.786996184147845668e-01
-7.895209727416181433e-01
-9.975896704800213399e-01
-1.201858680482849051e+00
-1.401294036009466115e+00
-1.594880045569361693e+00
-1.781624413697566078e+00
-1.960563310795080172e+00
-2.130766297363223316e+00
-2.291341126162237618e+00
-2.441438374405944245e+00
-2.580255894426139118e+00
-2.707043056646517787e+00
-2.821104749679724133e+00
-2.921805138254031764e+00
-3.008571137438322829e+00
-3.080895608671798236e+00
-3.138340233774556065e+00
-3.180538068122247708e+00
-3.207195756424494171e+00
-3.218095391195640254e+00
-3.213096009959317101e+00
-3.192134719241420893e+00
-3.155227436929657792e+00
-3.102469247296433252e+00
-3.034034366897013335e+00
-2.950175717050134594e+00
-2.851224102638265645e+00
-2.737587002199273201e+00
-2.609746969906915126e+00
-2.468259655221538562e+00
-2.313751453186636553e+00
-2.146916785259117333e+00
-1.968515032476769955e+00
-1.779367127264086967e+00
-1.580351821755218822e+00
-1.372401648881459657e+00
-1.156498594304550043e+00
-9.336695028756506476e-01
-7.049812268490504019e-01
-4.715355478031088010e-01
-2.344639348971045978e-01
5.077930646918471513e-03
2.459157361417600995e-01
4.868622695875536310e-01
7.267232330794730633e-01
9.643031239778168118e-01
1.198411160789263352e+00
1.427867209654491543e+00
1.651507699534922935e+00
1.868191481307233337e+00
2.076805613031214026e+00
2.276271032265055894e+00
2.465548096201277684e+00
2.643641953461716376e+00
2.809607726095854741e+00
2.962555471448021560e+00
3.100267236881714350e+00
3.209369178937243383e+00
3.275390452934598962e+00
3.291462374504053656e+00
3.258641820909562004e+00
3.184992583540745770e+00
3.083735084749403832e+00
2.970776074621837459e+00
2.856960952892416472e+00
2.742551791266665706e+00
2.626761219954987236e+00
2.508932925115630930e+00
2.388533504831057641e+00
2.265144641682364846e+00
2.138455824944041073e+00
2.008257409822176598e+00
1.874433985322544016e+00
1.736958101422873657e+00
1.595884119324427974e+00
1.451342327607834104e+00
1.303533225722394606e+00
1.152721936822304283e+00
9.992327444121338331e-01
8.434437372240146669e-01
6.857815499536428216e-01
5.267161699695120936e-01
3.667558337453374340e-01
2.064419861956335311e-01
4.634430583585175123e-02
-1.129441993961572133e-01
-2.708120276144668770e-01
-4.266339444254942936e-01
-5.797756635635211708e-01
-7.295984405330013800e-01
-8.754635771634902142e-01
-1.016736808486013777e+00
-1.152792587933984869e+00
-1.283018239993353182e+00
-1.406817978856188311e+00
-1.523616779455764902e+00
-1.632864088406240421e+00
-1.734037363785829511e+00
-1.826645426135198313e+00
-1.910231621677092706e+00
-1.984376776405064824e+00
-2.048701932000314585e+00
-2.102870855580972975e+00
-2.146592312877105169e+00
-2.179622092831054569e+00
-2.201764785167420246e+00
-2.212875286579255363e+00
-2.212860052025234392e+00
-2.201678059859024206e+00
-2.179341516023946212e+00
-2.145916261639678080e+00
-2.101521917821079999e+00
-2.046331729151355638e+00
-1.980572147154907814e+00
-1.904522112404187117e+00
-1.818512083621406150e+00
-1.722922771825164734e+00
-1.618183632719677467e+00
-1.504771075916232714e+00
-1.383206448447536596e+00
-1.254053752144467015e+00
-1.117917155312368127e+00
-9.754382611289349470e-01
-8.272931944400980786e-01
-6.741894725152969281e-01
-5.168627218747235963e-01
-3.560732112122984572e-01
-1.926022611459646816e-01
-2.724850583836910256e-02
1.391759351313842374e-01
3.058493937924808836e-01
4.719446452180914853e-01
6.366329677656430430e-01
7.990882188004515552e-01
9.584909287471468087e-01
1.114032394381691438e+00
1.264918728481406962e+00
1.410374868405320559e+00
1.549648513638932634e+00
1.682013966798826976e+00
1.806775879458746514e+00
1.923272851181360155e+00
2.030880893826385147e+00
2.129016721246187238e+00
2.217140865400907046e+00
2.294760585173784673e+00
2.361432562908583943e+00
2.416765370630841847e+00
2.460421692343549793e+00
2.492120295477469050e+00
2.511637726826002837e+00
2.518809739579597640e+00
2.513532430387641625e+00
2.495763084258096676e+00
2.465520723099925426e+00
2.422886348611767993e+00
2.368002881285752537e+00
2.301074791215801163e+00
2.222367421954638544e+00
2.132206009187627593e+00
2.030974396795544035e+00
1.919113455487559072e+00
1.797119209908781823e+00
1.665540681977255133e+00
1.524977459691726711e+00
1.376077001771169428e+00
1.219531690127245716e+00
1.056075643383495688e+00
8.864813075278547005e-01
7.115558356745165236e-01
5.321372618925559461e-01
3.490905438388720028e-01
1.633033985901272411e-01
-2.431796371579220128e-02
-2.128532362661869903e-01
-4.013725043562620387e-01
-5.889407997064495248e-01
-7.746227133298806411e-01
-9.574870283592193942e-01
-1.136611364487765119e+00
-1.311086798819754984e+00
-1.480022450141502688e+00
-1.642549994069812058e+00
-1.797828095892760158e+00
-1.945046729892866644e+00
-2.083431371684446365e+00
-2.212247032757984844e+00
-2.330802125209761488e+00
-2.438452131415199897e+00
-2.534603056809076271e+00
-2.618714656521946793e+00
-2.690303411448354609e+00
-2.748945236183938157e+00
-2.794277913803315805e+00
-2.826003237053750450e+00
-2.843888829206044022e+00
-2.847769663356661596e+00
-2.837549264942543115e+00
-2.813200545023917698e+00
-2.774766331558457644e+00
-2.722359549493903241e+00
-2.656163031480637482e+00
-2.576429006627701135e+00
-2.483478230998315883e+00
-2.377698772124330340e+00
-2.259544458564955338e+00
-2.129532990949546178e+00
-1.988243727528966387e+00
-1.836315153866372452e+00
-1.674442023357779474e+00
-1.503372255500795562e+00
-1.323903491756507567e+00
-1.136879431670096530e+00
-9.431858945031468267e-01
-7.437466611321978949e-01
-5.395190947537391590e-01
-3.314895935432047303e-01
-1.206688429678127727e-01
9.191304879606579381e-02
3.052115652665420287e-01
5.181728689412140598e-01
7.297389869918688987e-01
9.388530270840009795e-01
1.144464432916820984e+00
1.345534220802014680e+00
1.541040197115651100e+00
1.729982128907048056e+00
1.911386815778658876e+00
2.084313067040790113e+00
2.247856550366732264e+00
2.401154475391469312e+00
2.543390102098110450e+00
2.673797047330491949e+00
2.791663361365698037e+00
2.896335358637120549e+00
2.987221182033975797e+00
3.062639839468369818e+00
3.114685424109331358e+00
3.136595101082729098e+00
3.126629523337399963e+00
3.087848077451168294e+00
3.027200341097251002e+00
2.953716422359859983e+00
2.871462502351211032e+00
2.780293982164695255e+00
2.680063890554967632e+00
2.570721634121424071e+00
2.452308955812493974e+00
2.324955630830170428e+00
2.188875267965473270e+00
2.044361011771039571e+00
1.891781193989848786e+00
1.731574905701068756e+00
1.564247462579808179e+00
1.390365800068235291e+00
1.210553759841930477e+00
1.025487290814587338e+00
8.358895491767893704e-01
6.425259109570350402e-01
4.461989159922026271e-01
2.477431295562098068e-01
4.801995666954059216e-02
-1.520875946328868467e-01
-3.516801834351717115e-01
-5.498474097300697361e-01
-7.456730898559512655e-01
-9.382405253788915767e-01
-1.126637700544584453e+00
-1.309962458152221121e+00
