0
122
134
141
143
152
158
308
313
328
413
416
430
449
453
553
688
763
839
846
853
1
73
94
130
148
230
241
247
256
265
317
364
380
441
557
676
679
682
703
756
886
948
2
131
132
149
222
229
231
242
260
297
307
379
450
461
474
481
551
612
722
779
796
821
891
916
3
113
117
131
149
222
242
260
261
297
569
580
779
836
880
4
38
72
119
262
309
320
343
346
427
581
620
692
867
963
5
79
127
169
245
263
329
371
381
398
423
431
444
462
531
573
577
592
609
614
618
629
689
696
738
754
876
938
981
6
153
226
264
401
467
562
702
711
718
770
920
923
992
995
7
12
27
60
75
112
136
154
259
368
402
448
470
545
564
570
599
672
874
889
911
922
926
945
974
990
8
42
76
574
641
753
9
238
383
428
446
582
585
602
832
866
890
896
919
10
77
100
135
142
146
150
257
274
299
314
426
524
596
611
683
765
789
11
31
38
320
343
354
376
581
620
655
955
963
7
12
60
112
115
154
259
336
448
470
545
564
570
599
672
721
874
889
911
926
945
974
990
13
223
272
294
310
372
565
595
680
908
14
155
162
251
280
298
538
552
739
757
878
893
914
937
949
15
32
337
356
646
664
668
674
16
258
339
455
560
613
644
647
665
735
865
985
17
63
105
375
378
405
412
435
442
571
626
693
699
750
778
849
854
892
910
917
18
23
34
49
59
62
151
331
350
384
563
617
627
639
677
868
882
944
967
982
993
19
66
133
319
567
651
658
666
675
918
928
940
970
20
63
86
87
105
123
254
378
385
387
388
405
412
442
571
584
623
626
630
693
732
750
849
856
910
915
21
28
73
94
130
148
256
265
315
317
364
437
633
676
686
872
886
994
997
22
344
635
964
971
975
18
23
34
49
59
62
151
248
331
350
384
563
617
627
639
677
868
882
944
967
982
993
24
27
75
136
154
155
162
251
368
402
538
552
570
599
739
757
878
914
922
926
25
327
624
631
661
958
26
32
37
330
358
645
646
650
657
953
960
7
24
27
75
136
154
155
162
368
402
538
552
570
599
739
757
874
878
889
922
926
990
21
28
73
130
148
265
315
364
437
633
686
872
886
994
997
29
48
65
349
30
55
57
255
326
643
864
925
932
976
11
31
354
376
434
463
559
655
669
955
983
989
15
26
32
37
337
358
646
657
664
674
953
960
33
58
642
18
23
34
49
62
69
151
248
331
350
384
627
677
882
929
944
967
993
35
244
312
361
391
456
566
625
760
860
907
921
977
980
987
36
65
349
663
26
32
37
330
358
645
646
657
953
960
4
11
38
72
119
262
309
320
343
427
581
620
692
867
955
963
39
61
333
360
363
369
370
377
638
685
947
40
41
54
986
8
42
52
68
76
126
445
574
641
654
753
43
334
366
44
943
45
66
133
319
324
347
567
632
651
666
928
970
46
72
83
119
137
335
346
357
549
662
746
764
942
959
47
352
961
29
48
65
349
18
23
34
49
62
151
248
331
350
384
617
627
677
868
882
944
967
982
993
50
351
656
51
667
42
52
68
69
126
445
654
929
53
56
90
101
140
147
339
365
374
420
438
560
606
610
621
647
665
728
735
850
861
900
973
985
41
54
323
986
30
55
57
255
316
326
556
643
864
875
925
932
976
53
56
90
101
140
147
244
339
365
374
420
438
560
606
610
621
647
665
728
735
850
861
900
973
985
987
30
55
57
255
326
643
864
925
932
976
33
58
642
18
23
59
151
373
384
452
563
617
639
868
967
982
7
12
60
112
115
259
336
448
470
545
564
570
672
710
721
874
889
911
945
974
990
39
61
333
360
363
369
370
377
638
685
18
23
34
49
62
151
248
331
350
384
617
627
677
868
882
944
967
982
993
17
20
63
86
87
105
123
254
375
378
385
387
388
405
412
442
571
584
623
626
693
732
750
849
856
910
915
917
64
97
111
252
325
395
548
553
637
684
742
763
858
879
883
941
996
29
36
48
65
349
19
45
66
133
319
567
651
658
666
675
918
928
940
970
67
79
104
145
240
302
322
431
548
577
588
592
616
629
673
696
717
749
42
52
68
69
126
445
574
654
929
34
52
68
69
126
248
331
445
627
654
929
944
993
70
74
82
84
120
276
399
417
477
550
558
591
720
847
873
897
71
176
253
267
403
436
439
443
464
471
547
598
727
781
825
4
38
46
72
119
262
309
335
343
346
427
692
746
867
942
1
21
28
73
94
130
148
230
241
247
256
265
315
317
364
380
633
676
686
703
872
886
997
70
74
84
91
98
125
233
276
310
550
558
707
768
847
7
24
27
75
136
154
155
162
368
402
448
538
545
552
570
599
739
874
878
889
922
926
945
974
990
8
42
76
574
641
753
10
77
100
135
142
150
257
274
314
426
611
683
765
789
881
78
88
92
187
271
389
393
422
425
506
528
540
543
590
697
709
715
730
734
5
67
79
127
145
240
263
302
322
329
371
381
431
444
577
588
592
609
616
618
629
673
696
717
738
80
86
249
287
306
385
388
460
541
546
603
630
724
745
919
930
984
81
110
163
166
227
239
243
304
433
495
583
605
608
690
694
737
848
70
82
120
138
159
276
399
410
417
477
539
550
568
591
619
700
720
747
772
782
863
873
897
46
83
137
324
335
347
357
549
662
746
764
942
959
70
74
84
91
98
125
233
276
310
558
595
707
768
847
85
96
220
279
292
300
411
517
537
544
701
741
769
898
905
20
63
80
86
87
105
123
254
287
306
385
387
388
460
584
603
623
630
732
849
856
910
915
930
20
63
86
87
105
123
254
287
378
385
387
388
405
442
571
584
603
623
626
630
693
732
750
849
856
910
915
78
88
92
96
99
106
187
268
389
393
425
478
516
528
540
543
590
697
709
715
730
734
89
103
114
160
194
271
386
390
396
418
480
604
748
766
785
852
887
909
53
56
90
101
140
147
339
365
420
438
560
606
610
621
647
665
728
735
850
861
900
973
985
74
84
91
98
125
233
310
565
595
707
768
847
78
88
92
103
114
160
187
271
389
422
425
506
543
590
697
709
730
734
766
93
116
238
406
419
428
466
575
585
695
713
832
843
866
890
896
903
904
924
1
21
73
94
130
148
230
241
247
256
265
315
317
364
380
633
676
703
756
872
886
948
997
95
107
121
156
205
303
429
488
576
691
704
740
759
814
828
880
913
85
88
96
99
106
220
268
279
292
389
393
411
478
516
517
528
540
715
769
898
905
64
97
104
111
252
395
548
637
742
749
858
879
883
941
74
84
91
98
125
233
310
558
565
595
707
768
847
88
96
99
106
220
268
279
292
389
393
478
516
517
528
540
715
734
898
10
77
100
135
150
234
257
281
284
295
314
589
683
725
765
775
881
53
56
90
101
140
147
244
339
365
374
420
438
560
606
610
621
647
665
728
735
850
861
900
973
985
987
102
142
146
165
212
246
274
283
299
426
454
473
524
534
562
596
611
752
770
789
859
862
899
89
92
103
114
160
271
386
390
396
418
422
506
543
590
604
709
730
766
785
67
97
104
111
145
240
252
302
322
395
548
577
588
616
673
717
749
858
17
20
63
86
87
105
123
254
375
378
387
388
405
412
442
571
584
623
626
693
732
750
849
856
910
915
917
88
96
99
106
220
268
279
292
389
393
411
478
516
517
528
540
715
734
898
95
107
121
124
156
163
172
205
227
239
303
304
469
576
608
694
704
737
740
744
759
814
828
848
913
108
237
266
305
361
636
648
771
933
966
109
161
318
321
392
419
424
466
575
578
607
695
706
713
736
842
843
869
903
924
988
81
110
215
216
243
414
433
440
495
530
583
605
690
751
894
906
64
97
104
111
252
302
395
548
588
637
742
749
858
879
883
941
7
12
60
112
115
259
336
448
470
545
564
570
672
721
874
889
911
945
974
990
3
113
117
131
149
222
231
242
260
261
297
481
569
580
722
779
891
916
89
92
103
114
160
271
386
390
396
418
422
506
543
604
709
766
785
852
12
60
112
115
259
336
448
470
545
564
672
710
721
874
889
911
945
974
990
93
116
238
406
419
428
466
575
695
713
832
843
866
896
903
904
924
3
113
117
261
429
488
569
580
691
836
880
118
269
301
435
542
555
699
714
761
767
778
854
892
4
38
46
72
119
262
309
335
343
346
427
692
746
867
942
70
82
120
138
159
276
399
417
477
539
550
558
591
619
720
772
873
897
95
107
121
124
156
172
205
239
303
429
469
576
704
737
740
744
759
814
828
913
0
122
134
141
152
158
313
325
413
553
637
684
688
763
846
853
883
996
20
63
86
87
105
123
254
287
378
385
387
388
405
442
571
584
603
623
626
630
693
732
750
849
856
910
915
107
121
124
156
163
166
172
205
227
239
243
303
304
469
576
608
694
737
740
744
759
814
828
848
913
74
84
91
98
125
233
310
558
565
595
707
768
847
42
52
68
69
126
445
574
654
753
929
5
79
127
169
245
263
329
371
381
398
423
431
444
462
531
573
577
592
609
614
618
629
689
696
738
754
876
938
981
128
176
253
267
290
311
436
439
443
464
535
615
687
762
781
835
840
851
901
129
241
336
441
557
640
679
682
710
721
756
885
948
1
21
28
73
94
130
148
247
256
265
315
317
364
380
633
676
686
703
872
886
997
2
3
113
131
149
222
229
231
242
260
261
297
481
569
722
779
891
916
2
132
149
229
231
297
307
379
447
450
461
474
481
551
612
722
796
821
855
891
916
19
45
66
133
319
567
632
651
666
928
940
970
0
122
134
141
143
152
158
308
313
328
413
416
430
449
453
553
688
763
839
846
853
996
10
77
100
135
234
257
281
284
295
314
589
683
725
765
775
881
7
24
27
75
136
154
155
162
368
402
538
552
570
599
739
757
874
878
889
922
926
990
46
83
137
324
335
347
357
549
662
746
764
959
82
120
138
159
270
399
410
417
451
477
539
568
591
619
622
700
720
747
772
782
863
873
897
139
382
403
457
471
513
527
547
572
598
727
755
758
825
855
912
991
53
56
90
101
140
147
244
339
365
374
420
438
456
560
606
610
621
647
665
728
735
850
861
900
973
987
0
122
134
141
152
158
313
325
413
553
637
684
688
763
846
853
883
996
10
77
102
142
146
150
165
274
283
299
314
426
524
534
596
611
789
862
899
0
134
143
152
158
308
313
328
413
416
430
437
449
453
688
839
846
994
144
255
367
628
864
932
67
79
104
145
240
302
322
431
548
577
588
592
616
629
673
696
717
749
10
102
142
146
150
165
274
283
299
314
426
454
473
524
534
596
611
752
789
859
862
899
53
56
90
101
140
147
244
339
365
374
420
438
456
560
606
610
621
647
665
728
735
850
861
900
973
987
1
21
28
73
94
130
148
230
241
247
256
265
315
317
364
380
633
676
686
703
872
886
997
2
3
113
131
132
149
222
229
231
242
260
297
481
551
569
722
779
891
916
10
77
100
142
146
150
165
274
299
314
426
524
534
596
611
765
789
18
23
34
49
59
62
151
248
331
350
384
563
617
627
639
677
868
882
944
967
982
993
0
122
134
141
143
152
158
308
313
325
413
416
430
449
453
553
684
688
763
839
846
853
996
6
153
212
226
246
401
454
467
473
562
711
718
752
770
859
920
923
995
7
12
24
27
75
136
154
155
162
368
402
448
538
545
552
570
599
739
874
878
889
922
926
945
974
990
14
24
27
75
136
154
155
162
251
280
368
402
538
552
599
739
757
878
914
922
926
95
107
121
124
156
163
172
205
239
303
429
469
576
608
694
704
737
740
744
759
814
828
913
157
173
180
201
300
400
537
544
593
701
733
741
824
831
888
0
122
134
141
143
152
158
308
313
325
328
413
416
430
449
453
553
688
763
839
846
853
996
82
120
138
159
270
399
410
417
451
477
539
568
591
619
700
720
747
772
782
863
873
897
89
92
103
114
160
271
386
390
396
418
422
506
543
604
709
766
785
852
109
161
318
321
392
394
424
578
607
706
736
743
774
842
869
927
931
988
14
24
27
75
136
154
155
162
251
280
368
402
538
552
599
739
757
878
914
922
926
81
107
124
156
163
166
172
205
227
239
243
303
304
433
469
576
608
694
737
744
759
814
848
164
183
209
213
278
285
293
472
780
822
102
142
146
150
165
246
274
283
299
426
454
473
524
534
596
611
752
789
859
862
899
81
124
163
166
172
205
227
239
243
303
304
433
469
495
608
694
737
744
759
814
848
167
171
202
211
225
479
492
790
826
168
275
296
404
407
465
597
726
817
818
833
5
127
169
245
263
291
329
371
381
398
423
431
444
462
531
573
609
614
618
629
689
731
738
754
876
934
938
981
170
194
216
236
408
414
432
440
458
480
523
530
532
748
887
894
906
909
998
167
171
191
202
492
505
790
797
107
121
124
156
163
166
172
205
227
239
243
303
304
433
469
576
608
694
737
740
744
759
814
828
848
913
157
173
180
201
300
400
537
544
593
701
733
741
824
831
888
174
207
486
494
808
819
175
515
820
71
128
176
253
267
403
436
439
443
464
471
535
547
598
727
781
825
177
179
587
705
895
178
827
177
179
705
895
157
173
180
201
400
415
502
544
593
719
723
733
803
807
824
831
888
181
185
508
511
182
164
183
209
213
278
285
293
472
780
822
184
211
225
479
804
806
815
826
181
185
200
508
511
186
195
503
78
88
92
187
271
389
393
422
425
506
528
540
543
590
697
709
715
730
734
766
188
784
189
490
190
491
498
529
793
811
834
837
171
191
202
492
505
783
790
797
192
501
801
809
193
199
210
89
170
194
236
390
408
432
458
480
523
532
604
748
852
887
909
998
186
195
503
830
196
501
801
805
812
197
286
776
777
800
198
235
509
521
586
788
845
902
193
199
210
185
200
511
157
173
180
201
400
415
502
544
593
733
741
824
831
888
167
171
191
202
492
505
790
797
203
816
204
485
487
510
514
525
95
107
121
124
156
163
166
172
205
227
239
303
304
469
576
608
694
704
737
740
744
759
814
828
848
913
206
475
496
512
522
526
174
207
486
494
808
819
208
275
296
404
407
465
502
579
597
719
723
773
803
807
833
164
183
209
278
285
293
472
499
594
780
822
193
199
210
494
808
819
167
184
211
225
479
492
815
826
102
153
212
246
283
401
454
473
562
718
752
770
859
862
899
920
164
183
213
224
278
285
468
472
810
214
813
110
215
216
236
414
440
458
495
530
583
605
690
751
894
906
110
170
215
216
236
414
440
458
523
530
583
605
690
751
894
906
217
218
787
217
218
787
219
234
270
281
284
295
410
451
568
589
622
700
725
729
747
772
775
782
863
85
96
99
106
220
268
279
292
300
393
411
478
516
517
528
537
540
769
898
905
221
498
529
783
799
834
837
2
3
113
131
149
222
229
231
242
260
261
297
481
569
722
779
891
916
13
223
272
294
372
394
680
743
774
908
927
931
213
224
468
810
167
184
211
225
479
492
790
815
826
6
153
226
264
277
401
467
520
702
711
718
870
877
920
923
992
995
81
107
124
163
166
172
205
227
239
243
303
304
433
469
495
608
694
737
744
759
814
848
228
499
533
536
594
780
2
131
132
149
222
229
231
242
260
297
307
379
450
461
474
481
551
612
722
779
796
821
891
916
1
73
94
148
230
241
247
256
265
317
364
380
441
557
676
679
682
703
756
885
886
948
2
113
131
132
149
222
229
231
242
260
297
307
450
461
481
551
569
722
779
796
891
916
232
468
587
705
786
810
895
74
84
91
98
125
233
310
558
565
595
707
768
847
100
135
219
234
257
270
281
284
295
410
451
589
622
683
725
729
765
775
881
198
235
509
521
586
788
845
902
170
194
215
216
236
408
414
432
440
458
523
530
532
583
748
751
894
906
998
108
237
266
273
305
636
648
681
771
933
952
966
9
93
116
238
383
406
428
582
585
602
832
843
866
890
896
904
81
107
121
124
156
163
166
172
205
227
239
243
303
304
433
469
576
608
694
737
744
759
814
848
913
67
79
104
145
240
302
322
395
548
577
588
592
616
629
673
696
717
749
1
73
94
129
148
230
241
247
256
317
364
380
441
557
640
676
679
682
703
756
885
886
948
2
3
113
131
149
222
229
231
242
260
261
297
481
569
580
722
779
891
916
81
110
124
163
166
172
227
239
243
304
433
469
495
605
608
690
694
737
744
848
35
56
101
140
147
244
312
365
374
391
420
438
456
566
606
610
621
760
850
860
861
900
907
973
977
980
987
5
127
169
245
263
291
329
371
381
398
423
431
444
462
531
573
609
614
618
629
689
731
738
754
876
934
938
981
102
153
165
212
246
283
401
454
473
562
718
752
770
859
862
899
920
1
73
94
130
148
230
241
247
256
265
317
364
380
633
676
679
703
756
872
886
948
997
23
34
49
62
69
151
248
331
350
384
627
677
882
929
944
967
993
80
249
306
383
446
460
541
546
582
602
724
745
919
930
984
250
264
277
288
290
311
421
520
554
561
600
687
702
840
870
877
884
901
992
14
24
155
162
251
280
298
538
552
739
757
878
893
914
937
949
64
97
104
111
252
395
548
637
742
749
858
879
883
941
71
128
176
253
267
436
439
443
464
471
535
727
762
781
825
851
20
63
86
87
105
123
254
287
385
387
388
405
442
571
584
603
623
626
630
693
732
750
849
856
910
915
30
55
57
144
255
326
643
864
925
932
976
1
21
73
94
130
148
230
241
247
256
265
315
317
364
380
633
676
703
756
872
886
948
997
10
77
100
135
234
257
281
284
295
314
589
683
725
765
775
881
16
258
332
409
455
459
613
644
865
956
985
7
12
60
112
115
259
336
448
470
545
564
570
672
710
721
874
889
911
945
974
990
2
3
113
131
149
222
229
231
242
260
261
297
481
551
569
722
779
891
916
3
113
117
131
222
242
260
261
488
569
580
779
836
880
4
38
72
119
262
309
343
346
427
692
746
867
942
5
79
127
169
245
263
329
371
381
398
423
431
444
462
531
573
577
592
609
614
618
629
689
696
738
754
876
938
981
6
226
250
264
277
288
421
467
520
554
561
600
702
711
870
877
884
923
992
995
1
21
28
73
94
130
148
230
247
256
265
315
317
364
380
633
676
686
703
872
886
997
108
237
266
305
361
648
921
933
966
71
128
176
253
267
436
439
443
464
471
535
615
727
762
781
825
851
88
96
99
106
220
268
279
292
389
393
411
478
516
517
528
540
715
734
769
898
118
269
301
542
555
699
714
731
761
767
778
854
892
138
159
219
234
270
281
284
295
410
451
568
589
619
622
700
725
729
747
772
775
782
863
78
89
92
103
114
160
187
271
386
396
418
422
425
506
543
590
697
709
730
766
785
13
223
272
294
372
565
595
680
743
908
237
273
305
434
463
559
636
648
681
771
871
952
966
983
989
10
77
102
142
146
150
165
274
283
299
314
426
454
524
534
596
611
789
859
862
899
168
208
275
296
404
407
465
579
597
719
723
773
807
833
70
74
82
84
120
276
399
417
477
550
558
591
720
847
873
897
226
250
264
277
288
421
467
520
554
561
600
702
711
870
877
884
923
992
164
183
209
213
278
285
293
472
822
85
96
99
106
220
268
279
292
393
411
478
516
517
528
540
715
769
898
905
14
155
162
251
280
298
538
552
739
757
878
893
914
937
949
100
135
219
234
257
270
281
284
295
589
622
683
725
729
765
775
881
282
289
397
484
601
708
712
716
818
829
838
841
844
102
142
146
165
212
246
274
283
299
426
454
473
524
534
562
596
611
752
770
789
859
862
899
100
135
219
234
257
270
281
284
295
410
451
568
589
622
683
700
725
729
747
775
782
863
881
164
183
209
213
278
285
293
472
780
822
197
286
776
777
792
800
80
86
87
123
254
287
306
385
388
460
546
584
603
623
630
724
732
745
856
930
984
250
264
277
288
290
311
421
520
554
561
600
615
687
762
835
840
851
870
877
884
901
282
289
397
484
601
708
712
716
726
817
818
829
838
841
844
128
250
288
290
311
421
535
554
561
600
615
687
762
835
840
851
870
884
901
169
245
291
301
398
423
462
531
542
555
573
614
689
731
754
876
934
938
981
85
96
99
106
220
268
279
292
300
411
478
516
517
537
701
741
769
898
905
164
183
209
278
285
293
472
499
594
780
822
13
223
272
294
372
394
565
595
680
743
908
100
135
219
234
257
270
281
284
295
410
451
568
589
622
683
700
725
729
747
765
775
782
863
881
168
208
275
296
404
407
465
579
597
773
817
833
2
3
113
131
132
149
222
229
231
242
260
297
481
551
569
722
779
891
916
14
251
280
298
538
552
739
757
878
893
914
937
949
10
102
142
146
150
165
274
283
299
314
426
454
524
534
596
611
789
859
862
899
85
157
173
220
292
300
411
517
537
544
593
701
733
741
769
824
831
888
898
905
118
269
291
301
398
542
555
614
714
731
761
767
934
938
67
79
104
111
145
240
302
322
395
548
577
588
592
616
673
696
717
749
858
95
107
121
124
156
163
166
172
205
227
239
303
304
469
576
608
694
704
737
740
744
759
814
828
848
913
81
107
124
163
166
172
205
227
239
243
303
304
433
469
495
608
694
737
744
759
814
848
108
237
266
273
305
361
636
648
681
771
933
966
80
86
249
287
306
385
388
460
541
546
603
630
724
745
919
930
984
2
132
229
231
307
379
447
450
461
474
481
513
551
612
722
796
821
855
891
916
0
134
143
152
158
308
313
328
413
416
430
437
449
453
688
839
846
994
4
38
72
119
262
309
343
346
427
581
692
867
942
963
13
74
84
91
98
125
233
310
565
595
707
768
847
908
128
250
288
290
311
421
520
535
554
561
600
615
687
762
835
840
851
870
884
901
35
244
312
361
374
391
456
566
606
625
760
860
907
921
977
980
987
0
122
134
141
143
152
158
308
313
325
413
416
430
449
453
553
684
688
763
839
846
853
996
10
77
100
135
142
146
150
257
274
299
314
426
524
596
611
683
765
789
21
28
73
94
130
148
256
265
315
317
364
437
633
676
686
872
886
994
997
55
316
338
556
875
925
947
962
1
21
73
94
130
148
230
241
247
256
265
315
317
364
380
633
676
703
756
872
886
948
997
109
161
318
321
392
419
424
466
578
607
706
713
736
774
842
869
927
931
988
19
45
66
133
319
567
651
658
666
675
918
928
940
970
4
11
38
320
343
354
376
581
620
655
955
963
109
161
318
321
392
394
424
578
607
706
736
743
774
842
869
927
931
988
67
79
104
145
240
302
322
329
381
431
444
577
588
592
609
616
618
629
673
696
717
749
54
323
659
678
969
986
45
83
137
324
347
357
549
632
662
764
959
64
122
141
152
158
313
325
413
553
637
684
742
763
846
853
879
883
941
996
30
55
57
255
326
643
864
875
925
932
976
25
327
624
631
958
0
134
143
158
308
328
416
430
437
449
453
686
688
839
994
5
79
127
169
245
263
322
329
371
381
423
431
444
462
531
573
577
592
609
614
618
629
689
696
717
738
754
876
981
26
37
330
358
362
645
646
650
657
953
960
18
23
34
49
62
69
151
248
331
350
384
627
677
882
929
944
967
993
258
332
409
455
459
613
865
893
937
949
956
39
61
333
360
363
369
370
377
638
685
43
334
366
46
72
83
119
137
335
346
357
549
662
746
764
942
959
12
60
112
115
129
259
336
470
557
564
640
672
682
710
721
885
911
945
15
32
337
356
664
668
674
316
338
556
638
875
925
947
962
16
53
56
90
101
140
147
339
365
420
560
621
644
647
665
728
735
850
861
900
985
340
353
939
341
348
342
356
624
661
668
4
11
38
72
119
262
309
320
343
427
581
620
692
867
955
963
22
344
345
635
957
964
971
344
345
652
957
964
4
46
72
119
262
309
335
346
427
692
746
867
942
45
83
137
324
347
357
549
632
662
764
959
341
348
961
29
36
48
65
349
18
23
34
49
62
151
248
331
350
384
627
677
868
882
944
967
993
50
351
656
47
352
667
340
353
634
857
939
11
31
320
354
376
434
463
559
581
620
655
669
955
983
355
954
975
979
15
337
342
356
664
668
674
46
83
137
324
335
347
357
549
662
746
764
959
26
32
37
330
358
646
657
674
953
960
359
968
39
61
333
360
363
370
685
946
951
35
108
266
305
312
361
625
760
860
907
921
933
977
330
362
645
650
670
671
936
965
39
61
333
360
363
369
370
377
638
685
947
1
21
28
73
94
130
148
230
241
247
256
265
315
317
364
380
633
676
686
703
872
886
997
53
56
90
101
140
147
244
339
365
374
420
438
456
560
606
610
621
647
665
728
735
850
861
900
973
987
43
334
366
144
367
628
7
24
27
75
136
154
155
162
368
402
538
552
570
599
739
757
874
878
889
922
926
990
39
61
333
363
369
377
638
947
39
61
333
360
363
370
685
946
951
5
79
127
169
245
263
329
371
381
398
423
431
444
462
531
573
577
592
609
614
618
629
689
696
738
754
876
934
938
981
13
223
272
294
372
392
394
424
680
743
774
908
927
931
59
373
452
563
617
634
639
868
982
53
56
101
140
147
244
312
365
374
391
420
438
456
566
606
610
621
760
850
860
861
900
907
973
977
980
987
17
63
105
375
378
405
412
435
442
571
626
693
699
750
778
849
854
892
910
917
11
31
320
354
376
434
581
620
655
669
955
963
39
61
333
363
369
377
638
947
17
20
63
87
105
123
375
378
387
405
412
435
442
571
626
693
750
778
849
854
892
910
915
917
2
132
229
307
379
382
447
450
461
474
481
513
551
612
796
821
855
991
1
73
94
130
148
230
241
247
256
265
317
364
380
633
676
679
703
756
872
886
948
997
5
79
127
169
245
263
322
329
371
381
423
431
444
462
531
573
577
592
609
614
618
629
689
696
738
754
876
981
139
379
382
403
447
457
471
474
513
527
547
572
598
612
755
758
821
855
912
991
9
238
249
383
446
541
582
585
602
745
890
919
18
23
34
49
59
62
151
248
331
350
384
563
617
627
639
677
868
882
944
967
982
993
20
63
80
86
87
123
254
287
306
385
387
388
460
584
603
623
630
724
732
849
856
910
915
930
89
103
114
160
271
386
390
396
418
422
480
506
604
766
785
852
909
20
63
86
87
105
123
254
378
385
387
388
405
412
442
571
584
623
626
630
693
732
750
849
856
910
915
20
63
80
86
87
105
123
254
287
306
385
387
388
460
584
603
623
630
732
849
856
910
915
930
78
88
92
96
99
106
187
268
389
393
425
478
516
528
540
543
590
697
709
715
730
734
89
103
114
160
194
386
390
396
418
480
604
748
785
852
887
909
35
244
312
374
391
438
456
566
606
610
625
760
860
907
921
973
977
980
987
109
161
318
321
372
392
394
424
578
607
706
736
743
774
842
869
927
931
988
78
88
96
99
106
187
220
268
279
389
393
425
478
516
528
540
697
715
730
734
898
161
223
294
321
372
392
394
424
680
706
736
743
774
842
927
931
64
97
104
111
240
252
302
395
548
588
742
749
858
879
883
941
89
103
114
160
271
386
390
396
418
422
480
604
766
785
852
887
909
282
289
397
484
601
708
712
726
817
818
829
838
841
844
5
127
169
245
263
291
301
371
398
423
462
531
542
555
573
614
689
731
738
754
876
934
938
981
70
82
120
138
159
276
399
410
417
477
539
550
568
591
619
700
720
747
772
782
863
873
897
157
173
180
201
400
415
502
579
719
723
733
803
807
824
888
6
153
212
226
246
401
467
473
562
702
711
718
770
920
923
992
995
7
24
27
75
136
154
155
162
368
402
448
538
545
552
570
599
739
874
878
889
922
926
945
974
990
71
139
176
382
403
457
471
527
547
572
598
727
755
758
825
912
991
168
208
275
296
404
407
465
579
597
719
723
773
803
807
833
17
20
63
87
105
123
254
375
378
387
405
412
435
442
571
623
626
693
732
750
849
856
910
915
917
93
116
238
406
419
428
466
575
585
695
713
832
843
866
890
896
903
904
924
168
208
275
296
404
407
465
502
579
597
719
723
773
803
807
833
170
194
236
408
432
458
480
523
532
748
852
887
906
909
998
258
332
409
455
459
613
865
893
937
949
956
82
138
159
219
234
270
284
295
399
410
417
451
539
568
589
619
622
700
725
729
747
772
775
782
863
85
96
106
220
268
279
292
300
411
517
537
701
741
769
898
905
17
20
63
105
375
378
387
405
412
435
442
571
626
693
750
778
849
854
892
910
915
917
0
122
134
141
143
152
158
308
313
325
413
416
430
449
453
553
684
688
763
839
846
853
996
110
170
215
216
236
414
440
458
530
583
605
690
751
894
906
180
201
400
415
502
579
719
723
773
803
807
888
0
134
143
152
158
308
313
328
413
416
430
437
449
453
688
839
846
853
994
70
82
120
138
159
276
399
410
417
477
539
550
568
591
619
700
720
747
772
782
863
873
897
89
103
114
160
271
386
390
396
418
422
480
506
604
766
785
852
909
93
109
116
318
406
419
428
466
575
578
607
695
713
843
869
903
904
924
988
53
56
90
101
140
147
244
339
365
374
420
438
456
560
606
610
621
665
728
735
850
861
900
973
987
250
264
277
288
290
311
421
520
554
561
600
687
702
840
870
877
884
901
992
78
92
103
114
160
187
271
386
396
418
422
425
506
543
590
697
709
730
766
785
5
127
169
245
263
291
329
371
381
398
423
431
444
462
531
542
573
609
614
618
689
731
738
754
876
934
938
981
109
161
318
321
372
392
394
424
578
607
706
736
743
774
842
869
927
931
988
78
88
92
187
271
389
393
422
425
506
528
540
543
590
697
709
715
730
734
10
77
102
142
146
150
165
274
283
299
314
426
524
534
596
611
789
862
899
4
38
72
119
262
309
343
346
427
692
746
867
942
9
93
116
238
406
419
428
466
575
585
695
713
832
843
866
890
896
903
904
924
95
117
121
156
429
488
576
691
704
740
828
836
880
913
0
134
143
152
158
308
313
328
413
416
430
437
449
453
688
839
846
994
5
67
79
127
145
169
245
263
322
329
371
381
423
431
444
462
531
573
577
592
609
616
618
629
673
689
696
717
738
754
876
981
170
194
236
408
432
458
480
523
532
748
852
887
906
909
998
81
110
163
166
172
227
239
243
304
433
495
583
605
608
690
694
737
744
848
31
273
354
376
434
463
559
655
669
681
871
952
983
989
17
118
375
378
405
412
435
442
571
626
693
699
750
761
767
778
854
892
917
71
128
176
253
267
436
439
443
464
471
535
727
762
781
825
851
21
28
143
308
315
328
416
430
437
449
453
633
686
839
872
994
997
53
56
90
101
140
147
244
365
374
391
420
438
456
566
606
610
621
728
850
861
900
973
980
987
71
128
176
253
267
436
439
443
464
471
535
615
727
762
781
825
851
110
170
215
216
236
414
440
458
495
530
583
605
690
751
894
906
1
129
230
241
441
557
640
679
682
710
721
756
885
948
17
20
63
87
105
123
254
375
378
387
405
412
435
442
571
584
623
626
693
732
750
849
856
910
915
917
71
128
176
253
267
436
439
443
464
471
535
727
762
781
825
851
5
79
127
169
245
263
322
329
371
381
423
431
444
462
531
573
577
592
609
614
618
629
689
696
717
738
754
876
981
42
52
68
69
126
445
654
929
9
249
383
446
541
546
582
585
602
745
890
919
132
307
379
382
447
450
457
461
474
513
527
551
612
755
796
821
855
991
7
12
60
75
112
115
154
259
402
448
470
545
564
570
599
672
874
889
911
926
945
974
990
0
134
143
152
158
308
313
328
413
416
430
437
449
453
688
839
846
994
2
132
229
231
307
379
447
450
461
474
481
513
551
612
796
821
855
916
991
138
159
219
234
270
284
295
410
451
539
568
589
619
622
700
725
729
747
772
775
782
863
59
373
452
563
617
634
639
868
982
0
134
143
152
158
308
313
328
413
416
430
437
449
453
688
839
846
994
102
146
153
165
212
246
274
283
299
454
473
524
534
562
596
611
718
752
770
789
859
862
899
16
258
332
409
455
459
613
644
865
956
35
140
147
244
312
365
374
391
420
438
456
566
606
610
621
625
760
850
860
861
900
907
973
977
980
987
139
382
403
447
457
471
513
527
547
572
598
755
758
825
855
912
991
170
194
215
216
236
408
414
432
440
458
523
530
532
583
748
751
894
906
998
258
332
409
455
459
613
865
893
937
949
956
80
86
249
287
306
385
388
460
541
546
603
630
724
745
919
930
984
2
132
229
231
307
379
447
450
461
474
481
513
551
612
796
821
855
991
5
127
169
245
263
291
329
371
381
398
423
431
444
462
531
573
609
614
618
629
689
731
738
754
876
934
938
981
31
273
354
434
463
559
655
669
681
871
952
983
989
71
128
176
253
267
436
439
443
464
535
615
727
762
781
835
851
168
208
275
296
404
407
465
579
597
773
807
833
93
109
116
318
406
419
428
466
575
578
607
695
713
843
869
903
904
924
988
6
153
226
264
277
401
467
520
702
711
718
870
877
920
923
992
995
213
224
232
468
786
810
107
121
124
156
163
166
172
205
227
239
243
303
304
469
576
608
694
737
740
744
759
814
828
848
913
7
12
60
112
115
259
336
448
470
545
564
570
672
710
721
874
889
911
945
974
990
71
139
176
253
267
382
403
436
439
443
457
471
527
547
572
598
727
755
758
781
825
912
164
183
209
213
278
285
293
472
780
822
102
146
153
165
212
246
283
401
454
473
524
534
562
718
752
770
859
862
899
920
2
132
229
307
379
382
447
450
461
474
513
551
612
796
821
855
991
206
475
476
496
512
522
526
475
476
512
522
70
82
120
138
159
276
399
417
477
539
550
558
591
619
720
873
897
88
96
99
106
220
268
279
292
389
393
478
516
528
540
715
734
898
167
184
211
225
479
492
790
815
826
89
170
194
386
390
396
408
418
432
480
523
532
604
748
785
852
887
909
998
2
113
131
132
149
222
229
231
242
260
297
307
379
450
461
481
551
722
779
796
891
916
482
518
519
795
483
500
504
791
794
812
282
289
397
484
601
708
712
716
818
829
838
841
844
204
485
514
525
793
174
207
486
820
204
487
510
525
95
117
261
429
488
580
691
704
836
880
489
507
519
795
823
189
490
190
491
498
529
793
811
834
837
167
171
191
202
211
225
479
492
790
826
493
497
798
802
809
174
207
210
494
808
819
81
110
166
215
227
243
304
433
440
495
583
605
690
751
848
206
475
496
512
522
526
830
493
497
798
802
190
221
491
498
529
811
834
837
209
228
293
499
533
536
594
780
822
483
500
504
791
794
192
196
501
801
805
180
201
208
400
407
415
502
579
719
723
773
803
807
186
195
503
804
483
500
504
791
794
812
171
191
202
505
783
790
797
799
78
92
103
114
160
187
271
386
418
422
425
506
543
590
697
709
730
734
766
785
489
507
519
823
181
185
508
511
198
235
509
521
586
698
716
788
845
902
204
487
510
525
181
185
200
508
511
206
475
476
496
512
522
526
139
307
379
382
447
450
457
461
474
513
527
572
598
612
755
758
796
821
855
912
991
204
485
514
525
793
175
515
88
96
99
106
220
268
279
292
389
393
478
516
517
528
540
715
734
898
85
96
99
106
220
268
279
292
300
411
516
517
537
701
741
769
898
905
482
518
519
784
795
482
489
507
518
519
795
823
226
250
264
277
288
311
421
467
520
554
561
600
687
702
711
870
877
884
992
198
235
509
521
586
698
716
788
845
902
206
475
476
496
512
522
526
170
194
216
236
408
432
458
480
523
530
532
748
887
894
906
909
998
10
102
142
146
150
165
274
283
299
314
426
454
473
524
534
596
611
752
789
859
862
899
204
485
487
510
514
525
206
475
496
512
522
526
139
382
403
447
457
471
513
527
547
572
598
612
755
758
821
825
855
912
991
78
88
96
99
106
187
220
268
279
389
393
425
478
516
528
540
697
715
734
898
190
221
491
498
529
811
834
837
110
170
215
216
236
414
440
458
523
530
583
605
690
751
894
906
5
127
169
245
263
291
329
371
381
398
423
431
444
462
531
573
592
609
614
618
629
689
696
738
754
876
934
938
981
170
194
236
408
432
458
480
523
532
748
852
887
906
909
998
228
499
533
536
594
102
142
146
150
165
274
283
299
426
454
473
524
534
596
611
752
789
859
862
899
128
176
253
267
290
311
436
439
443
464
535
615
687
762
781
835
840
851
901
228
499
533
536
594
85
157
173
220
292
300
411
517
537
544
593
701
733
741
769
824
831
888
898
905
14
24
27
75
136
154
155
162
251
280
298
368
402
538
552
599
739
757
878
914
922
926
82
120
138
159
399
410
417
451
477
539
550
568
591
619
700
720
747
772
782
863
873
897
78
88
96
99
106
187
220
268
279
389
393
425
478
516
528
540
590
697
715
730
734
80
249
306
383
446
460
541
546
602
724
745
919
930
984
118
269
291
301
398
423
542
555
573
614
714
731
754
761
767
934
938
78
88
92
103
114
160
187
271
389
422
425
506
543
590
697
709
730
734
766
85
157
173
180
201
300
537
544
593
701
733
741
824
831
888
905
7
12
60
75
112
115
154
259
402
448
470
545
564
570
599
672
874
889
911
926
945
974
990
80
249
287
306
446
460
541
546
603
630
724
745
919
930
984
71
139
176
382
403
457
471
527
547
572
598
727
755
758
825
912
991
64
67
97
104
111
145
240
252
302
395
548
588
616
673
742
749
858
879
941
46
83
137
324
335
347
357
549
662
746
764
942
959
70
74
82
120
276
399
417
477
539
550
558
591
720
847
873
897
2
132
149
229
231
260
297
307
379
447
450
461
474
481
551
612
722
779
796
821
855
891
916
14
24
27
75
136
154
155
162
251
280
298
368
402
538
552
599
739
757
878
914
922
926
0
64
122
134
141
152
158
313
325
413
553
637
684
688
763
846
853
879
883
996
250
264
277
288
290
311
421
520
554
561
600
687
702
835
840
870
877
884
901
992
118
269
291
301
398
542
555
614
714
731
761
767
934
938
55
316
338
556
875
925
947
962
1
129
230
241
336
441
557
640
679
682
710
721
756
885
948
70
74
84
98
120
125
233
276
477
550
558
720
847
873
31
273
354
434
463
559
636
655
669
681
871
952
983
989
16
53
56
90
101
140
147
339
365
420
560
621
644
647
665
728
735
850
861
900
985
250
264
277
288
290
311
421
520
554
561
600
687
702
840
870
877
884
901
992
6
102
153
212
246
283
401
454
473
562
718
752
770
859
862
899
920
995
18
23
59
151
373
384
452
563
617
639
868
967
982
7
12
60
112
115
259
336
448
470
545
564
570
672
710
721
874
889
911
945
974
990
13
91
98
125
233
272
294
310
565
595
680
707
768
908
35
244
312
374
391
438
456
566
606
610
625
760
860
907
921
973
977
980
987
19
45
66
133
319
567
632
651
666
675
928
940
970
82
138
159
219
270
284
295
399
410
417
451
539
568
619
622
700
725
729
747
772
775
782
863
897
3
113
117
131
149
222
231
242
260
261
297
569
580
722
779
891
916
7
12
24
27
60
75
112
136
154
259
368
402
448
470
545
564
570
599
672
874
889
922
926
945
974
990
17
20
63
87
105
123
254
375
378
387
405
412
435
442
571
584
623
626
693
732
750
849
856
910
915
917
139
382
403
457
471
513
527
547
572
598
727
755
758
825
855
912
991
5
127
169
245
263
291
329
371
381
398
423
431
444
462
531
542
573
609
614
618
689
731
738
754
876
934
938
981
8
42
68
76
126
574
641
654
753
93
109
116
406
419
428
466
575
578
695
713
832
843
866
869
903
904
924
988
95
107
121
124
156
163
172
205
239
303
429
469
576
608
694
704
737
740
744
759
814
828
913
5
67
79
104
127
145
240
263
302
322
329
371
381
431
444
577
588
592
609
616
618
629
673
696
717
738
749
109
161
318
321
392
419
424
466
575
578
607
695
706
713
736
774
842
869
903
924
927
988
208
275
296
400
404
407
415
465
502
579
597
719
723
773
803
807
833
3
113
117
242
261
488
569
580
691
836
880
4
11
38
309
320
343
354
376
581
620
655
692
955
963
9
238
249
383
446
582
585
602
832
866
890
896
919
81
110
215
216
236
414
433
440
458
495
530
583
605
690
751
894
906
20
63
86
87
105
123
254
287
385
387
388
442
571
584
603
623
626
630
732
849
856
910
915
930
9
93
238
383
406
428
446
582
585
602
832
866
890
896
904
198
235
509
521
586
698
788
845
902
177
232
587
705
786
895
67
79
104
111
145
240
302
322
395
548
577
588
592
616
673
696
717
749
858
100
135
219
234
257
270
281
284
295
410
451
589
622
683
725
729
765
775
881
78
88
92
103
187
271
389
422
425
506
540
543
590
697
709
715
730
734
766
70
82
120
138
159
276
399
417
477
539
550
591
619
720
747
772
873
897
5
67
79
127
145
240
263
302
322
329
371
381
431
444
531
577
588
592
609
616
618
629
673
696
717
738
157
173
180
201
300
537
544
593
701
733
741
824
831
888
905
209
228
293
499
533
536
594
780
822
13
84
91
98
125
233
272
294
310
565
595
680
707
768
908
10
102
142
146
150
165
274
283
299
314
426
454
524
534
596
611
789
859
862
899
168
208
275
296
404
407
465
579
597
726
773
817
833
71
139
176
382
403
457
471
513
527
547
572
598
727
755
758
825
912
991
7
12
24
27
75
136
154
155
162
368
402
448
538
545
552
570
599
739
874
878
889
922
926
945
974
990
250
264
277
288
290
311
421
520
554
561
600
615
687
762
835
840
851
870
877
884
901
282
289
397
484
601
708
712
716
726
817
818
829
838
841
844
9
238
249
383
446
541
582
585
602
890
896
919
80
86
87
123
254
287
306
385
388
460
546
584
603
623
630
724
732
745
856
930
984
89
103
114
160
194
386
390
396
418
480
604
748
785
852
887
909
81
110
215
216
243
414
433
440
495
530
583
605
690
751
894
906
53
56
90
101
140
147
244
312
365
374
391
420
438
456
566
606
610
621
728
760
850
860
861
900
907
973
980
987
109
161
318
321
392
419
424
466
578
607
706
713
736
774
842
869
927
931
988
81
107
124
156
163
166
172
205
227
239
243
303
304
433
469
576
608
694
737
744
759
814
848
5
79
127
169
245
263
322
329
371
381
423
431
444
462
531
573
577
592
609
614
618
629
689
696
717
738
754
876
981
53
56
90
101
140
147
244
365
374
391
420
438
456
566
606
610
621
665
728
850
861
900
973
980
987
10
77
102
142
146
150
165
274
283
299
314
426
454
524
534
596
611
789
862
899
2
132
229
307
379
382
447
450
461
474
513
527
551
612
796
821
855
991
16
258
332
409
455
459
613
644
865
956
5
127
169
245
263
291
301
329
371
381
398
423
444
462
531
542
555
573
609
614
618
689
731
738
754
876
934
938
981
128
267
288
290
311
439
464
535
600
615
687
762
781
835
840
851
884
901
67
79
104
145
240
302
322
431
548
577
588
592
616
629
673
696
717
749
18
23
49
59
62
151
373
384
452
563
617
639
677
868
967
982
5
79
127
169
245
263
322
329
371
381
423
431
444
462
531
573
577
592
609
614
618
629
689
696
738
754
876
981
82
120
138
159
270
399
410
417
451
477
539
568
591
619
700
720
747
772
782
863
873
897
4
11
38
320
343
354
376
581
620
655
692
955
963
53
56
90
101
140
147
244
339
365
374
420
438
456
560
606
610
621
665
728
735
850
861
900
973
987
138
219
234
270
281
284
295
410
451
568
589
622
700
725
729
747
772
775
782
863
20
63
86
87
105
123
254
287
385
387
388
405
442
571
584
603
623
626
630
693
732
750
849
856
910
915
25
327
342
624
661
958
35
312
361
391
456
566
625
760
860
907
921
977
980
17
20
63
87
105
123
254
375
378
387
405
412
435
442
571
584
623
626
693
732
750
849
856
910
915
917
18
23
34
49
62
69
151
248
331
350
384
627
677
882
929
944
967
993
144
367
628
864
932
5
67
79
127
145
169
240
245
263
322
329
371
381
431
444
462
531
577
592
609
616
618
629
673
696
717
738
20
80
86
87
123
254
287
306
385
387
388
460
546
584
603
623
630
724
732
856
915
930
984
25
327
631
978
45
133
324
347
567
632
21
28
73
94
130
148
247
256
265
315
317
364
380
437
633
676
686
703
872
886
994
997
353
373
452
634
857
939
22
344
635
957
964
971
975
108
237
273
305
559
636
648
681
771
871
933
952
966
989
64
97
111
122
141
252
325
553
637
684
742
763
853
858
879
883
941
996
39
61
333
338
363
369
377
638
947
18
23
59
151
373
384
452
563
617
639
868
967
982
129
241
336
441
557
640
679
682
710
721
756
885
948
8
42
76
574
641
753
33
58
642
30
55
57
255
326
643
864
875
925
932
976
16
258
339
455
560
613
644
647
665
735
865
985
26
37
330
362
645
650
657
670
953
15
26
32
37
330
358
646
657
674
953
960
16
53
56
90
101
140
147
339
365
560
644
647
665
728
735
850
861
865
985
108
237
266
273
305
636
648
681
771
933
952
966
649
26
330
362
645
650
657
670
671
936
953
965
19
45
66
133
319
567
651
666
675
918
928
940
970
345
652
663
972
653
42
52
68
69
126
445
574
654
929
11
31
320
354
376
434
463
559
581
620
655
669
955
983
50
351
656
26
32
37
330
358
645
646
650
657
953
960
19
66
319
658
675
918
935
940
323
659
678
969
986
660
25
342
624
661
958
46
83
137
324
335
347
357
549
662
746
764
959
36
652
663
972
15
32
337
356
664
668
674
16
53
56
90
101
140
147
339
365
420
560
610
621
644
647
665
728
735
850
861
900
973
985
19
45
66
133
319
567
651
666
675
918
928
940
970
51
352
667
15
337
342
356
664
668
31
354
376
434
463
559
655
669
871
983
989
362
645
650
670
671
936
965
362
650
670
671
936
965
7
12
60
112
115
259
336
448
470
545
564
570
672
710
721
874
889
911
945
974
990
67
79
104
145
240
302
322
431
548
577
588
592
616
629
673
696
717
749
15
32
337
356
358
646
664
674
960
19
66
319
567
651
658
666
675
918
928
935
940
970
1
21
73
94
130
148
230
241
247
256
265
315
317
364
380
633
676
703
756
872
886
948
997
18
23
34
49
62
151
248
331
350
384
617
627
677
868
882
944
967
982
993
323
659
678
936
969
1
129
230
241
247
380
441
557
640
679
682
703
756
885
948
13
223
272
294
372
394
565
595
680
743
908
237
273
305
434
463
559
636
648
681
771
871
952
966
983
989
1
129
230
241
336
441
557
640
679
682
710
721
756
885
948
10
77
100
135
234
257
281
284
295
314
589
683
725
765
775
881
64
122
141
152
313
325
413
553
637
684
742
763
846
853
879
883
941
996
39
61
333
360
363
370
685
946
951
21
28
73
130
148
265
315
328
364
437
633
686
872
994
997
128
250
288
290
311
421
520
535
554
561
600
615
687
762
835
840
851
870
884
901
0
122
134
141
143
152
158
308
313
328
413
416
430
449
453
553
688
763
839
846
853
5
127
169
245
263
291
329
371
381
398
423
431
444
462
531
573
609
614
618
689
731
738
754
876
934
938
981
81
110
215
216
243
414
433
440
495
530
583
605
690
751
894
906
95
117
429
488
580
691
704
836
880
4
38
72
119
262
309
343
346
427
581
620
692
867
963
17
20
63
87
105
123
254
375
378
387
405
412
435
442
571
623
626
693
732
750
849
856
910
915
917
81
107
124
156
163
166
172
205
227
239
243
303
304
433
469
576
608
694
737
744
759
814
848
93
109
116
406
419
428
466
575
578
695
713
832
843
866
903
904
924
5
67
79
127
145
240
263
302
322
329
371
381
431
444
531
577
588
592
609
616
618
629
673
696
717
738
78
88
92
187
271
389
393
422
425
506
528
540
543
590
697
709
715
730
734
766
509
521
586
698
716
788
829
838
845
902
17
118
269
375
435
699
714
761
767
778
854
892
917
82
138
159
219
270
284
295
399
410
417
451
539
568
619
622
700
725
729
747
772
775
782
863
897
85
157
173
292
300
411
517
537
544
593
701
733
741
769
824
831
888
905
6
226
250
264
277
401
421
467
520
554
561
702
711
870
877
920
923
992
995
1
73
94
130
148
230
241
247
256
265
317
364
380
633
676
679
703
756
872
886
948
997
95
107
121
156
205
303
429
488
576
691
704
740
759
814
828
880
913
177
179
232
587
705
786
895
109
161
318
321
392
394
424
578
607
706
736
774
842
869
927
931
988
74
84
91
98
125
233
310
565
595
707
768
847
282
289
397
484
601
708
712
716
726
818
829
838
841
844
78
88
92
103
114
160
187
271
389
422
425
506
543
590
697
709
730
734
766
60
115
129
259
336
441
470
557
564
640
672
682
710
721
885
911
6
153
226
264
277
401
467
520
702
711
718
870
877
920
923
992
995
282
289
397
484
601
708
712
716
818
829
838
841
844
93
109
116
318
406
419
428
466
575
578
607
695
713
736
843
869
903
904
924
988
118
269
301
542
555
699
714
731
761
767
778
854
892
78
88
96
99
106
187
268
279
389
393
425
478
516
528
540
590
697
715
730
734
282
289
484
509
521
601
698
708
712
716
788
829
838
67
79
104
145
240
302
322
329
431
444
577
588
592
609
616
629
673
696
717
749
6
153
212
226
246
401
454
467
473
562
711
718
752
770
859
920
923
995
180
208
275
400
404
407
415
502
579
719
723
773
803
807
833
70
82
120
138
159
276
399
417
477
539
550
558
591
619
720
772
873
897
12
60
112
115
129
259
336
441
470
557
564
640
672
682
710
721
885
911
2
113
131
132
149
222
229
231
242
260
297
307
481
551
569
722
779
891
916
180
208
275
400
404
407
415
502
579
719
723
773
803
807
833
80
249
287
306
385
460
541
546
603
630
724
745
919
930
984
100
135
219
234
257
270
281
284
295
410
451
568
589
622
683
700
725
729
765
775
863
881
168
289
397
597
601
708
726
817
818
841
844
71
139
176
253
267
403
436
439
443
464
471
547
572
598
727
758
781
825
912
53
56
90
101
140
147
339
365
420
438
560
606
610
621
647
665
728
735
850
861
900
973
985
219
234
270
281
284
295
410
451
568
589
622
700
725
729
747
772
775
782
863
881
78
88
92
103
187
271
389
393
422
425
506
540
543
590
697
709
715
730
734
766
169
245
269
291
301
398
423
462
542
555
573
614
689
714
731
754
876
934
938
981
20
63
86
87
105
123
254
287
385
387
388
405
442
571
584
603
623
626
630
693
732
750
849
856
910
915
157
173
180
201
300
400
537
544
593
701
733
741
824
831
888
78
88
92
99
106
187
268
389
393
425
478
506
516
528
540
543
590
697
709
715
730
734
16
53
56
90
101
140
147
339
365
420
560
621
644
647
665
728
735
850
861
900
985
109
161
318
321
392
394
424
578
607
706
713
736
774
842
869
927
931
988
81
107
121
124
156
163
166
172
205
227
239
243
303
304
433
469
576
608
694
737
744
759
814
848
5
79
127
169
245
263
329
371
381
398
423
431
444
462
531
573
577
592
609
614
618
629
689
696
738
754
876
938
981
14
24
27
75
136
154
155
162
251
280
298
368
402
538
552
599
739
757
878
914
922
926
95
107
121
124
156
172
205
303
429
469
576
704
740
744
759
814
828
913
85
157
173
201
292
300
411
517
537
544
593
701
733
741
769
824
831
888
905
64
97
111
252
325
395
548
637
684
742
858
879
883
941
161
223
272
294
321
372
392
394
424
680
743
774
842
927
931
107
121
124
156
163
166
172
205
227
239
243
303
304
433
469
576
608
694
737
740
744
759
814
828
848
913
80
249
287
306
383
446
460
541
546
603
724
745
919
930
984
46
72
83
119
137
262
335
346
357
427
549
662
746
764
942
959
82
138
159
219
270
284
295
399
410
417
451
539
568
591
619
622
700
729
747
772
782
863
897
89
170
194
236
390
408
432
458
480
523
532
604
748
852
887
909
998
67
97
104
111
145
240
252
302
322
395
548
577
588
616
673
717
749
858
17
20
63
87
105
123
254
375
378
387
405
412
435
442
571
623
626
693
732
750
849
856
910
915
917
110
215
216
236
414
440
458
495
530
583
605
690
751
894
906
102
146
153
165
212
246
283
454
473
524
534
562
718
752
770
859
862
899
8
42
76
126
574
641
753
5
127
169
245
263
291
329
371
381
398
423
431
444
462
531
542
573
609
614
618
689
731
738
754
876
934
938
981
139
382
403
447
457
471
513
527
547
572
598
755
758
825
855
912
991
1
94
129
230
241
247
256
317
380
441
557
640
676
679
682
703
756
885
948
14
24
27
136
155
162
251
280
298
368
538
552
739
757
878
893
914
922
937
949
139
382
403
457
471
513
527
547
572
598
727
755
758
825
855
912
991
95
107
121
124
156
163
166
172
205
227
239
303
304
469
576
608
694
704
737
740
744
759
814
828
848
913
35
244
312
361
374
391
456
566
606
625
760
860
907
921
977
980
987
118
269
301
435
542
555
699
714
761
767
778
854
892
128
253
267
288
290
311
436
439
443
464
535
600
615
687
762
781
835
840
851
884
901
0
64
122
134
141
152
158
313
325
413
553
637
684
688
763
846
853
879
883
996
46
83
137
324
335
347
357
549
662
746
764
959
10
77
100
135
150
234
257
281
295
314
589
683
725
765
775
881
89
92
103
114
160
187
271
386
396
418
422
506
543
590
697
709
730
766
785
118
269
301
435
542
555
699
714
761
767
778
854
892
74
84
91
98
125
233
310
565
595
707
768
847
908
85
96
220
268
279
292
300
411
517
537
701
741
769
898
905
6
102
153
212
246
283
401
454
473
562
718
752
770
859
862
899
920
923
995
108
237
273
305
636
648
681
771
871
933
952
966
989
82
120
138
159
219
270
399
410
417
451
539
568
591
619
622
700
720
729
747
772
782
863
897
208
275
296
404
407
415
465
502
579
597
719
723
773
803
807
833
161
223
318
321
372
392
394
424
578
607
706
736
743
774
842
869
927
931
988
100
135
219
234
257
270
281
284
295
410
451
568
589
622
683
700
725
729
765
775
863
881
197
286
776
777
792
800
197
286
776
777
792
800
17
118
269
375
378
412
435
699
714
761
767
778
854
892
917
2
3
113
131
149
222
229
231
242
260
261
297
481
551
569
722
779
891
916
164
183
209
228
285
293
472
499
594
780
822
71
128
176
253
267
436
439
443
464
471
535
615
727
762
781
825
851
82
138
159
219
270
284
295
399
410
417
451
539
568
619
622
700
729
747
772
782
863
897
191
221
505
783
797
799
188
518
784
89
103
114
160
271
386
390
396
418
422
480
506
604
766
785
852
887
909
232
468
587
705
786
810
895
217
218
787
198
235
509
521
586
698
716
788
845
902
10
77
102
142
146
150
165
274
283
299
314
426
454
524
534
596
611
789
862
899
167
171
191
202
225
479
492
505
790
797
826
483
500
504
791
812
286
776
777
792
800
190
485
491
514
793
483
500
504
794
482
489
518
519
795
823
2
132
229
231
307
379
447
450
461
474
481
513
551
612
796
821
855
916
991
171
191
202
505
783
790
797
799
493
497
798
802
809
221
505
783
797
799
197
286
776
777
792
800
192
196
501
801
805
493
497
798
802
180
208
400
404
407
415
502
579
719
723
773
803
807
833
184
503
804
806
815
196
501
801
805
184
804
806
815
180
208
275
400
404
407
415
465
502
579
719
723
773
803
807
833
174
207
210
494
808
819
192
493
798
809
213
224
232
468
786
810
190
491
498
529
811
834
837
196
483
504
791
812
214
813
95
107
121
124
156
163
166
172
205
227
239
303
304
469
576
608
694
704
737
740
744
759
814
828
848
913
184
211
225
479
804
806
815
826
203
816
168
289
296
397
597
601
726
817
818
841
844
168
282
289
397
484
601
708
712
726
817
818
838
841
844
174
207
210
494
808
819
175
486
820
2
132
229
307
379
382
447
450
461
474
513
527
551
612
796
821
855
991
164
183
209
278
285
293
472
499
594
780
822
489
507
519
795
823
157
173
180
201
300
400
537
544
593
701
733
741
824
831
888
71
139
176
253
267
403
436
439
443
457
471
527
547
572
598
727
755
758
781
825
912
167
184
211
225
479
492
790
815
826
178
827
95
107
121
124
156
172
205
303
429
469
576
704
740
744
759
814
828
913
282
289
397
484
601
698
708
712
716
829
838
841
844
195
496
830
157
173
180
201
300
537
544
593
701
733
741
824
831
888
9
93
116
238
406
428
575
582
585
695
832
843
866
890
896
903
904
924
168
208
275
296
404
407
465
579
597
719
723
773
803
807
833
190
221
491
498
529
811
834
837
128
288
290
311
464
535
554
600
615
687
762
835
840
851
884
901
3
117
261
429
488
580
691
836
880
190
221
491
498
529
811
834
837
282
289
397
484
601
698
708
712
716
818
829
838
841
844
0
134
143
152
158
308
313
328
413
416
430
437
449
453
688
839
846
853
994
128
250
288
290
311
421
535
554
561
600
615
687
762
835
840
851
870
884
901
282
289
397
484
601
708
712
726
817
818
829
838
841
844
109
161
318
321
392
394
424
578
607
706
736
743
774
842
869
927
931
988
93
109
116
238
406
419
428
466
575
695
713
832
843
866
896
903
904
924
282
289
397
484
601
708
712
726
817
818
829
838
841
844
198
235
509
521
586
698
788
845
902
0
122
134
141
143
152
158
308
313
325
413
416
430
449
453
553
684
688
763
839
846
853
996
70
74
84
91
98
125
233
276
310
550
558
707
768
847
81
107
124
163
166
172
205
227
239
243
303
304
433
469
495
608
694
737
744
759
814
848
17
20
63
86
87
105
123
254
375
378
385
387
388
405
412
442
571
584
623
626
693
732
750
849
856
910
915
917
53
56
90
101
140
147
244
339
365
374
420
438
456
560
606
610
621
647
665
728
735
850
861
900
973
987
128
253
267
288
290
311
436
439
443
464
535
600
615
687
762
781
835
840
851
884
901
89
114
160
194
386
390
396
408
418
432
480
532
604
748
785
852
887
909
998
0
122
134
141
152
158
313
325
413
416
553
637
684
688
763
839
846
853
996
17
118
269
375
378
412
435
699
714
761
767
778
854
892
917
132
139
307
379
382
447
450
457
461
474
513
527
551
572
612
755
758
796
821
855
912
991
20
63
86
87
105
123
254
287
385
387
388
405
442
571
584
603
623
626
630
693
732
750
849
856
910
915
353
634
857
939
64
97
104
111
252
302
395
548
588
637
742
749
858
879
883
941
102
146
153
165
212
246
274
283
299
454
473
524
534
562
596
718
752
770
859
862
899
35
244
312
361
374
391
456
566
606
625
760
860
907
921
977
980
987
53
56
90
101
140
147
244
339
365
374
420
438
456
560
606
610
621
647
665
728
735
850
861
900
973
987
102
142
146
165
212
246
274
283
299
426
454
473
524
534
562
596
611
752
770
789
859
862
899
82
138
159
219
270
284
295
399
410
417
451
539
568
619
622
700
725
729
747
772
775
782
863
897
30
55
57
144
255
326
628
643
864
925
932
976
16
258
332
409
455
459
613
644
647
865
956
985
9
93
116
238
406
428
575
582
585
695
832
843
866
890
896
903
904
924
4
38
72
119
262
309
343
346
427
692
867
942
963
18
23
49
59
62
151
350
373
384
452
563
617
639
677
868
967
982
109
161
318
321
392
419
424
466
575
578
607
706
713
736
774
842
869
927
931
988
226
250
264
277
288
290
311
421
467
520
554
561
600
687
702
711
840
870
877
884
992
273
434
463
559
636
669
681
771
871
952
966
983
989
21
28
73
94
130
148
247
256
265
315
317
364
380
437
633
676
686
703
872
886
994
997
70
82
120
138
159
276
399
417
477
539
550
558
591
619
720
873
897
7
12
27
60
75
112
115
136
154
259
368
402
448
470
545
564
570
599
672
874
889
911
922
926
945
974
990
55
316
326
338
556
643
875
925
962
5
127
169
245
263
291
329
371
381
398
423
431
444
462
531
573
609
614
618
689
731
738
754
876
934
938
981
226
250
264
277
288
421
467
520
554
561
600
702
711
870
877
884
923
992
14
24
27
75
136
154
155
162
251
280
298
368
402
538
552
599
739
757
878
914
922
926
64
97
111
252
325
395
548
553
637
684
742
763
858
879
883
941
996
3
95
117
261
429
488
580
691
704
836
880
77
100
135
234
257
281
284
295
589
683
725
729
765
775
881
18
23
34
49
62
151
248
331
350
384
627
677
882
944
967
993
64
97
111
122
141
252
325
395
553
637
684
742
763
858
879
883
941
996
250
264
277
288
290
311
421
520
554
561
600
615
687
762
835
840
851
870
877
884
901
129
230
241
336
441
557
640
679
682
710
721
756
885
948
1
21
28
73
94
130
148
230
241
247
256
265
315
317
364
380
633
676
703
872
886
997
89
170
194
390
396
408
432
480
523
532
604
748
785
852
887
909
998
157
173
180
201
300
400
415
537
544
593
701
733
741
824
831
888
7
12
27
60
75
112
115
136
154
259
368
402
448
470
545
564
570
599
672
874
889
911
922
926
945
974
990
9
93
238
383
406
428
446
582
585
602
832
866
890
896
904
2
113
131
132
149
222
229
231
242
260
297
307
481
551
569
722
779
891
916
17
118
269
375
378
412
435
699
714
761
767
778
854
892
917
14
251
280
298
332
409
459
757
893
914
937
949
956
110
170
215
216
236
414
440
458
523
530
583
605
690
751
894
906
177
179
232
587
705
786
895
9
93
116
238
406
428
582
585
602
832
843
866
890
896
904
70
82
120
138
159
276
399
417
477
539
550
568
591
619
700
720
747
772
782
863
873
897
85
96
99
106
220
268
279
292
300
393
411
478
516
517
528
537
769
898
905
102
142
146
165
212
246
274
283
299
426
454
473
524
534
562
596
611
752
770
789
859
862
899
53
56
90
101
140
147
244
339
365
374
420
438
456
560
606
610
621
665
728
735
850
861
900
973
987
128
250
288
290
311
421
535
554
561
600
615
687
762
835
840
851
884
901
198
235
509
521
586
698
788
845
902
93
109
116
406
419
428
466
575
578
695
713
832
843
866
903
904
924
93
116
238
406
419
428
466
575
585
695
713
832
843
866
890
896
903
904
924
85
96
220
279
292
300
411
517
537
544
593
701
741
769
898
905
110
170
215
216
236
408
414
432
440
458
523
530
532
583
605
690
751
894
906
998
35
244
312
361
374
391
456
566
606
625
760
860
907
921
977
980
987
13
223
272
294
310
372
565
595
680
768
908
89
170
194
386
390
396
408
418
432
480
523
532
604
748
785
852
887
909
998
17
20
63
86
87
105
123
254
375
378
385
387
388
405
412
442
571
584
623
626
693
732
750
849
856
910
915
917
7
12
60
112
115
259
336
448
470
545
564
672
710
721
874
889
911
945
974
990
139
382
403
457
471
513
527
547
572
598
727
755
758
825
855
912
991
95
107
121
124
156
172
205
239
303
429
469
576
704
740
744
759
814
828
913
14
24
155
162
251
280
298
538
552
739
757
878
893
914
937
949
20
63
86
87
105
123
254
378
385
387
388
405
412
442
571
584
623
626
630
693
732
750
849
856
910
915
2
113
131
132
149
222
229
231
242
260
297
307
450
481
551
569
722
779
796
891
916
17
63
105
375
378
405
412
435
442
571
626
693
699
750
778
849
854
892
910
917
19
66
319
651
658
666
675
918
928
935
940
970
9
80
249
306
383
446
460
541
546
582
602
724
745
919
930
984
6
153
212
226
246
401
467
473
562
702
711
718
770
920
923
992
995
35
266
312
361
391
566
625
760
860
907
921
977
980
7
24
27
75
136
154
155
162
368
402
538
552
570
599
739
757
874
878
889
922
926
990
6
153
226
264
277
401
467
702
711
718
770
877
920
923
992
995
93
109
116
406
419
428
466
575
578
695
713
832
843
866
903
904
924
30
55
57
255
316
326
338
556
643
864
875
925
932
962
976
7
12
24
27
75
136
154
155
162
368
402
448
538
545
552
570
599
739
874
878
889
922
926
945
974
990
161
223
318
321
372
392
394
424
578
607
706
736
743
774
842
869
927
931
988
19
45
66
133
319
567
651
666
675
918
928
940
970
34
52
68
69
126
248
331
445
627
654
929
944
993
80
86
249
287
306
385
388
460
541
546
584
603
630
724
745
919
930
984
161
223
318
321
372
392
394
424
607
706
736
743
774
842
869
927
931
988
30
55
57
144
255
326
628
643
864
925
932
976
108
237
266
305
361
636
648
771
933
966
169
245
291
301
371
398
423
462
531
542
555
573
614
689
731
754
876
934
938
981
658
675
918
935
940
362
650
670
671
678
936
965
969
14
251
280
298
332
409
459
757
893
914
937
949
956
5
127
169
245
263
291
301
371
398
423
462
531
542
555
573
614
689
731
738
754
876
934
938
981
340
353
634
857
939
19
66
133
319
567
651
658
666
675
918
928
935
940
970
64
97
111
252
325
395
548
637
684
742
858
879
883
941
996
46
72
83
119
262
309
335
346
427
549
746
867
942
959
44
943
18
23
34
49
62
69
151
248
331
350
384
627
677
882
929
944
967
993
7
12
60
75
112
115
154
259
336
402
448
470
545
564
570
599
672
874
889
911
926
945
974
990
360
370
685
946
951
978
39
316
338
363
369
377
556
638
947
962
1
94
129
230
241
247
256
317
380
441
557
640
676
679
682
703
756
885
948
14
251
280
298
332
409
459
757
893
914
937
949
956
950
360
370
685
946
951
978
237
273
434
463
559
636
648
681
771
871
952
966
983
989
26
32
37
330
358
645
646
650
657
953
960
355
954
975
979
11
31
38
320
343
354
376
581
620
655
955
963
258
332
409
455
459
613
865
893
937
949
956
344
345
635
957
964
971
25
327
624
661
958
46
83
137
324
335
347
357
549
662
746
764
942
959
26
32
37
330
358
646
657
674
953
960
47
348
961
316
338
556
875
925
947
962
4
11
38
309
320
343
376
581
620
692
867
955
963
22
344
345
635
957
964
971
362
650
670
671
936
965
108
237
266
273
305
636
648
681
771
871
933
952
966
989
18
23
34
49
59
62
151
248
331
350
384
563
617
627
639
677
868
882
944
967
982
993
359
968
323
659
678
936
969
19
45
66
133
319
567
651
666
675
918
928
940
970
22
344
635
957
964
971
975
652
663
972
53
56
90
101
140
147
244
365
374
391
420
438
456
566
606
610
621
665
728
850
861
900
973
980
987
7
12
60
75
112
115
154
259
402
448
470
545
564
570
599
672
874
889
911
926
945
974
990
22
355
635
954
971
975
30
55
57
255
326
643
864
925
932
976
35
244
312
361
374
391
456
566
625
760
860
907
921
977
980
987
631
946
951
978
355
954
979
35
244
312
374
391
438
456
566
606
610
625
760
860
907
921
973
977
980
987
5
127
169
245
263
291
329
371
381
398
423
431
444
462
531
573
609
614
618
689
731
738
754
876
934
938
981
18
23
49
59
62
151
373
384
452
563
617
639
677
868
967
982
31
273
354
434
463
559
655
669
681
871
952
983
989
80
249
287
306
460
541
546
603
630
724
745
919
930
984
16
53
56
90
101
258
339
560
644
647
665
728
735
865
985
41
54
323
659
986
35
56
101
140
147
244
312
365
374
391
420
438
456
566
606
610
621
760
850
860
861
900
907
973
977
980
987
109
161
318
321
392
419
424
466
575
578
607
706
713
736
774
842
869
927
931
988
31
273
434
463
559
636
669
681
771
871
952
966
983
989
7
12
27
60
75
112
115
136
154
259
368
402
448
470
545
564
570
599
672
874
889
911
922
926
945
974
990
139
379
382
403
447
450
457
461
474
513
527
547
572
598
612
755
758
796
821
855
912
991
6
226
250
264
277
401
421
467
520
554
561
702
711
870
877
920
923
992
995
18
23
34
49
62
69
151
248
331
350
384
627
677
882
929
944
967
993
21
28
143
308
315
328
416
430
437
449
453
633
686
839
872
994
997
6
153
226
264
401
467
562
702
711
718
770
920
923
992
995
64
122
134
141
152
158
313
325
413
553
637
684
763
846
853
879
883
941
996
21
28
73
94
130
148
247
256
265
315
317
364
380
437
633
676
686
703
872
886
994
997
170
194
236
408
432
458
480
523
532
748
852
887
906
909
998
