0.518988
0.51647
0.54711
0.548295
0.503003
0.523047
0.541254
0.513834
0.497084
0.52943
0.538816
0.503872
0.514266
0.533464
0.512204
0.481226
0.510264
0.525996
0.49411
0.499259
0.526836
0.517474
0.471458
0.494209
0.513002
0.483508
0.480029
0.513184
0.517635
0.475428
0.489006
0.50465
0.480689
0.459992
0.494668
0.507727
0.474472
0.480205
0.503121
0.486559
0.448532
0.476227
0.496319
0.465264
0.466615
0.500072
0.50177
0.455363
0.475418
0.494318
0.468511
0.456794
0.495926
0.509306
0.476534
0.488612
0.509201
0.489093
0.459896
0.493478
0.514432
0.48627
0.494335
0.526648
0.520483
0.475064
0.499311
0.52196
0.495962
0.495324
0.53538
0.544526
0.502506
0.516945
0.534693
0.513437
0.496943
0.53865
0.556022
0.522373
0.527954
0.551578
0.536122
0.501429
0.534624
0.557788
0.527241
0.526972
0.556285
0.554452
0.509369
0.534311
0.555653
0.530264
0.516787
0.54984
0.55708
0.520949
0.534437
0.556871
0.538265
0.509252
0.539786
0.555134
0.52157
0.526562
0.556891
0.550392
0.506472
0.531385
0.552127
0.521015
0.514324
0.547949
0.554989
0.514665
0.530559
0.548688
0.525042
0.502534
0.535918
0.550115
0.519678
0.5269
0.55067
0.53443
0.49611
0.522997
0.543701
0.515483
0.517179
0.547717
0.546762
0.499615
0.5191
0.538073
0.513197
0.501345
0.536317
0.545343
0.509115
0.519667
0.539107
0.518621
0.489949
0.521952
0.539524
0.509106
0.516951
0.547505
0.538951
0.494184
0.519279
0.540747
0.513499
0.512907
0.550188
0.558696
0.519214
0.536284
0.554958
0.532027
0.512918
0.550933
0.568193
0.539629
0.551205
0.577674
0.56117
0.523403
0.553364
0.576965
0.550751
0.558649
0.593058
0.591578
0.544445
0.565403
0.58652
0.565107
0.559355
0.597592
0.605801
0.568262
0.578636
0.598194
0.580105
0.556014
0.59001
0.6076
0.5744
0.576854
0.602776
0.594492
0.553701
0.580335
0.601481
0.57152
0.564132
0.594314
0.598682
0.559053
0.577004
0.596382
0.572998
0.550421
0.581918
0.592996
0.560295
0.568624
0.593958
0.578097
0.540448
0.567518
0.585455
0.552487
0.552713
0.584135
0.583877
0.537133
0.557392
0.575692
0.547698
0.532976
0.567207
0.577993
0.541416
0.551139
0.569498
0.547133
0.516316
0.547342
0.566242
0.534488
0.537675
0.564142
0.553096
0.506269
0.529889
0.550887
0.521873
0.516183
0.547853
0.551462
0.508498
0.523308
0.540421
0.516598
0.494935
0.528561
0.542347
0.512342
0.520912
0.544252
0.527069
0.489183
0.516791
0.538121
0.51069
0.514468
0.547634
0.548367
0.502596
0.523103
0.542046
0.517046
0.506675
0.544097
0.556959
0.524735
0.537028
0.555228
0.533368
0.50556
0.539432
0.560699
0.53533
0.542098
0.56801
0.557253
0.512197
0.537769
0.562521
0.539796
0.537484
0.568291
0.570964
0.527636
0.54279
0.562158
0.542988
0.523919
0.55761
0.568631
0.533301
0.537508
0.560851
0.547508
0.51211
0.539481
0.558097
0.524413
0.52177
0.550567
0.551035
0.506353
0.527963
0.546677
0.518733
0.502958
0.534168
0.542938
0.507862
0.519412
0.53876
0.517467
0.487892
0.516797
0.531677
0.499285
0.503793
0.531846
0.522142
0.477173
0.500812
0.519918
0.488966
0.48396
0.518435
0.522887
0.479817
0.494778
0.511222
0.48614
0.465565
0.501788
0.514962
0.481435
0.48769
0.509677
0.491213
0.453872
0.482512
0.503166
0.472045
0.472538
0.50228
0.50072
0.454129
0.474936
0.494423
0.468024
0.455721
0.491608
0.504361
0.47066
0.481953
0.501157
0.480415
0.452334
0.485878
0.507146
0.479085
0.486582
0.516896
0.509074
0.465351
0.490341
0.513218
0.486836
0.485794
0.523106
0.532861
0.492962
0.508559
0.526004
0.504027
0.486716
0.526179
0.546436
0.516625
0.522917
0.545669
0.529109
0.494206
0.527366
0.554782
0.526834
0.527266
0.55637
0.554378
0.508066
0.532108
0.556637
0.532545
0.521098
0.554639
0.562059
0.523779
0.536103
0.559409
0.541096
0.513458
0.545062
0.560616
0.526322
0.53028
0.560392
0.553567
0.51127
0.536897
0.557685
0.526089
0.51935
0.552624
0.559494
0.518848
0.53612
0.554719
0.530981
0.509032
0.54228
0.55536
0.52347
0.5321
0.556014
0.53928
0.502607
0.530218
0.549476
0.518711
0.522741
0.553523
0.551512
0.504806
0.525707
0.544218
0.518112
0.50866
0.5441
0.552588
0.515764
0.526435
0.544222
0.52287
0.495737
0.529035
0.546212
0.514083
0.518685
0.546589
0.536954
0.492951
0.518746
0.540091
0.510829
0.508376
0.545508
0.55307
0.511242
0.528035
0.54656
0.523371
0.504956
0.543959
0.560751
0.53093
0.541454
0.566892
0.550668
0.514388
0.544875
0.568052
0.540315
0.5464
0.582069
0.582731
0.535741
0.55684
0.577887
0.554142
0.547209
0.588986
0.600543
0.56252
0.5734
0.592395
0.572546
0.549151
0.588155
0.607719
0.574536
0.577597
0.603931
0.593379
0.551805
0.581588
0.604434
0.575112
0.569378
0.599898
0.601981
0.559809
0.579768
0.600019
0.576507
0.555452
0.587777
0.597733
0.563459
0.572443
0.597896
0.5821
0.545891
0.57345
0.590983
0.556872
0.557647
0.589204
0.58842
0.542177
0.563493
0.582324
0.55346
0.539535
0.572956
0.581831
0.545599
0.556704
0.574903
0.552682
0.523239
0.553536
0.569634
0.539619
0.543691
0.569613
0.558085
0.512841
0.536179
0.556604
0.52845
0.524257
0.555633
0.558569
0.51404
0.528285
0.545054
0.521257
0.501476
0.535437
0.546861
0.512788
0.519747
0.542483
0.524401
0.487859
0.515729
0.535164
0.505042
0.509793
0.542364
0.540467
0.493431
0.514372
0.533785
0.508039
0.499566
0.536864
0.54811
0.51372
0.526402
0.54536
0.523479
0.496746
0.53084
0.550192
0.522346
0.531455
0.560195
0.548585
0.503728
0.529353
0.552308
0.527146
0.529694
0.563862
0.565944
0.521753
0.537684
0.555809
0.535973
0.522469
0.558587
0.569159
0.533885
0.539461
0.560883
0.545235
0.513497
0.542837
0.562211
0.529168
0.527646
0.554408
0.552197
0.508591
0.531725
0.550956
0.522883
0.508742
0.539324
0.546372
0.510783
0.523659
0.543401
0.522025
0.493617
0.522901
0.536284
0.503764
0.509036
0.537083
0.526982
0.483286
0.507605
0.526422
0.494852
0.489979
0.522624
0.527493
0.484299
0.500233
0.517349
0.492215
0.471486
0.505755
0.520263
0.486908
0.4935
0.515472
0.49702
0.460156
0.48878
0.510264
0.479482
0.480544
0.509857
0.506277
0.458193
0.479269
0.499387
0.473289
0.462261
0.496062
0.504356
0.468072
0.480011
0.498542
0.477492
0.450289
0.48282
0.501295
0.473715
0.481356
0.509529
0.499375
0.456293
0.482016
0.504695
0.478746
0.478587
0.5144
0.521954
0.481167
0.498794
0.516763
0.494353
0.477777
0.515937
0.533293
0.505573
0.51574
0.538044
0.520025
0.48586
0.517679
0.542941
0.519009
0.523453
0.552189
0.549191
0.502986
0.52634
0.550921
0.530793
0.5225
0.555996
0.56333
0.52529
0.536833
0.558242
0.541822
0.516628
0.549794
0.565689
0.531784
0.53433
0.562366
0.555586
0.515128
0.541466
0.562476
0.530987
0.524723
0.556579
0.562925
0.522094
0.540849
0.559918
0.53595
0.515022
0.547457
0.559936
0.528098
0.537596
0.561658
0.54466
0.509371
0.537233
0.555908
0.524103
0.527013
0.558641
0.556226
0.50965
0.531777
0.550901
0.523068
0.512794
0.550029
0.558382
0.520708
0.532612
0.550734
0.528313
0.501905
0.536759
0.553807
0.521554
0.526318
0.552478
0.540294
0.496895
0.523466
0.545506
0.516051
0.512495
0.545322
0.550473
0.507819
0.524934
0.543559
0.519769
0.501121
0.538286
0.555218
0.52493
0.534263
0.557744
0.540581
0.505845
0.53664
0.560223
0.532245
0.537589
0.571329
0.571055
0.525436
0.54758
0.568812
0.544151
0.536791
0.576098
0.589919
0.554681
0.566342
0.584164
0.563452
0.53936
0.577289
0.600684
0.570634
0.57394
0.599858
0.588578
0.546603
0.576625
0.603798
0.576019
0.571315
0.602079
0.604413
0.559888
0.579123
0.601589
0.578908
0.560045
0.593461
0.603294
0.566884
0.574794
0.600717
0.58528
0.550559
0.578679
0.596224
0.561555
0.561808
0.593204
0.591941
0.546357
0.568664
0.587986
0.558619
0.544846
0.578053
0.586678
0.550027
0.562633
0.580972
0.558602
0.530097
0.560635
0.575151
0.543231
0.548957
0.574981
0.562547
0.518845
0.542975
0.562081
0.531855
0.530589
0.562018
0.564078
0.519297
0.534928
0.551131
0.526685
0.509065
0.543534
0.554297
0.519559
0.525456
0.546076
0.52711
0.492071
0.521043
0.5402
0.507812
0.509124
0.539861
0.536813
0.489211
0.510644
0.530091
0.502711
0.493661
0.531606
0.542204
0.505452
0.517374
0.535748
0.51395
0.488181
0.523436
0.542088
0.512713
0.520512
0.549075
0.537945
0.494457
0.520394
0.54279
0.515657
0.516858
0.553909
0.558831
0.51394
0.529739
0.547451
0.525514
0.511912
0.552706
0.565751
0.529941
0.536099
0.5574
0.539804
0.509054
0.543054
0.563837
0.530774
0.530398
0.557801
0.552844
0.507839
0.533478
0.554032
0.526601
0.514553
0.54539
0.550102
0.512252
0.526827
0.547361
0.52603
0.498687
0.528671
0.541092
0.507431
0.513215
0.541327
0.530801
0.488447
0.513482
0.532244
0.499431
0.495373
0.52792
0.532281
0.489202
0.506406
0.5239
0.49834
0.478545
0.511762
0.52379
0.491516
0.499127
0.520642
0.502173
0.466873
0.49463
0.514195
0.485326
0.487248
0.516047
0.511873
0.464361
0.485322
0.505499
0.479969
0.47043
0.503888
0.511121
0.472261
0.483361
0.501468
0.48038
0.454826
0.487789
0.503464
0.471871
0.478619
0.506127
0.494218
0.451851
0.477789
0.499397
0.471733
0.473382
0.508812
0.514064
0.471011
0.489119
0.507781
0.484914
0.470138
0.508196
0.52345
0.493621
0.504829
0.528202
0.509958
0.476847
0.508504
0.531619
0.505368
0.513906
0.545842
0.541827
0.494783
0.51809
0.541253
0.519862
0.517382
