0
87
120
157
169
285
348
360
394
476
498
585
655
667
689
781
809
846
858
974
1
20
61
102
136
177
192
211
252
293
308
327
368
383
402
426
443
484
499
518
559
617
634
675
690
709
750
791
825
866
881
900
924
941
982
997
2
77
118
152
193
268
309
343
384
425
459
500
575
616
650
691
766
807
841
882
957
998
3
194
233
424
501
692
731
922
4
128
502
590
626
693
817
5
115
168
280
306
433
471
475
497
607
613
666
694
804
857
969
995
6
59
197
271
321
366
504
508
557
682
695
748
819
886
960
7
101
161
292
408
457
544
599
659
665
696
790
906
981
8
112
303
506
697
801
992
9
186
200
316
377
507
684
698
875
889
10
122
130
175
184
313
462
482
620
628
673
699
811
864
873
980
11
108
299
428
430
490
509
532
549
606
700
797
928
988
12
41
53
92
116
128
203
232
244
307
311
319
360
423
435
502
510
539
551
614
626
701
730
742
805
817
892
921
933
996
13
66
96
204
257
276
373
403
421
450
467
511
564
594
612
702
755
785
871
893
919
965
14
80
81
134
272
317
441
491
512
578
579
632
703
770
823
961
15
296
487
704
985
16
104
207
295
514
602
705
793
17
536
18
126
156
209
300
347
387
396
516
654
707
815
845
894
898
989
19
210
236
273
326
427
469
517
573
708
771
899
925
962
967
972
1
20
61
102
136
177
192
211
252
293
327
368
383
402
426
443
484
499
518
559
617
634
675
690
709
750
791
825
866
881
900
924
941
982
997
21
107
114
129
143
182
212
298
305
320
328
436
489
496
519
627
641
658
680
687
710
796
803
818
832
871
901
987
994
22
289
520
711
787
978
23
288
712
786
977
24
140
215
331
406
447
522
638
713
829
904
25
68
163
216
346
354
362
392
523
553
566
661
714
844
852
905
26
46
167
217
277
333
468
505
524
544
648
715
906
966
27
62
148
170
178
218
253
351
361
369
455
485
525
542
552
560
646
668
676
716
751
837
859
867
942
28
35
44
69
76
95
103
110
144
151
185
218
219
226
235
260
267
286
294
301
335
342
376
409
410
417
451
458
477
485
492
526
533
567
574
593
600
601
608
642
649
668
676
683
717
724
733
758
765
784
792
799
833
840
874
907
908
915
949
956
975
983
990
29
91
220
282
527
589
718
780
971
30
472
719
31
58
529
720
747
32
54
73
137
148
160
189
223
245
253
264
334
339
351
380
414
444
455
525
530
552
571
605
635
646
721
743
751
762
826
837
849
878
912
934
942
953
33
34
48
51
127
224
318
531
619
722
723
737
816
913
33
34
48
51
127
224
318
415
531
619
722
737
816
913
28
35
44
69
103
110
144
151
170
178
185
218
219
226
260
267
286
294
301
335
342
369
376
409
410
417
451
458
477
485
492
526
533
542
567
601
608
642
649
668
676
683
716
717
724
733
758
765
784
792
799
833
840
859
867
874
907
908
915
949
956
975
983
990
36
43
118
152
227
234
343
350
425
534
541
616
725
732
841
916
923
37
83
228
535
581
726
772
38
536
727
39
85
88
141
171
259
279
448
478
537
583
586
639
669
728
774
777
830
948
968
976
40
89
93
109
196
231
400
538
587
591
624
729
798
885
898
920
12
41
53
92
116
128
203
232
244
307
311
319
360
423
435
502
510
539
551
614
626
701
730
742
805
817
892
921
933
996
42
194
233
385
540
692
731
883
36
43
227
234
343
350
418
425
534
541
725
732
848
916
923
28
35
44
69
76
95
103
110
144
151
170
178
185
218
219
226
260
267
286
294
301
335
342
369
376
409
410
417
451
458
477
485
492
526
533
542
567
601
608
642
649
668
676
683
716
717
724
733
758
765
784
792
799
833
840
859
867
874
907
908
915
949
956
975
983
990
45
75
82
135
162
251
442
474
543
580
633
660
734
764
824
940
26
46
142
150
167
277
314
333
468
524
648
715
735
831
856
966
47
55
100
155
201
238
246
375
407
545
598
653
736
744
789
844
890
905
927
935
33
34
48
51
121
127
224
318
340
531
619
625
722
723
737
816
49
453
547
738
50
241
261
452
548
739
930
950
33
34
48
51
121
127
340
531
546
625
722
723
737
816
838
52
74
164
242
312
381
416
550
572
741
763
853
914
931
12
41
53
92
116
128
203
232
244
307
311
319
348
360
394
423
435
502
510
539
551
614
626
701
730
742
805
817
892
921
933
996
32
54
62
73
137
148
160
189
223
245
253
264
334
339
351
361
380
414
444
455
525
530
552
571
635
646
721
743
751
762
826
837
849
878
912
934
942
953
47
55
155
163
216
354
392
407
545
553
566
714
744
844
852
890
905
56
446
745
944
57
254
555
746
752
943
31
58
529
720
747
6
59
197
250
271
321
388
504
508
557
682
695
748
769
819
886
939
60
162
251
266
352
367
389
543
558
749
851
887
940
955
1
20
61
117
119
136
177
252
308
327
368
426
443
484
499
518
559
617
634
675
690
750
806
808
825
866
941
997
27
54
62
148
170
178
253
264
339
351
361
369
444
455
525
530
542
552
560
646
668
676
716
751
762
837
859
867
942
953
63
248
561
746
752
937
64
438
753
936
65
99
256
290
563
597
754
788
945
979
13
66
96
204
230
257
276
287
373
395
421
450
511
564
594
702
755
785
893
919
946
965
67
123
237
258
341
358
374
393
565
584
621
756
926
947
25
68
163
171
332
346
362
392
470
523
537
553
583
661
714
757
852
860
968
28
35
44
69
76
95
103
110
144
151
178
185
218
219
226
235
260
267
286
294
301
335
342
376
409
410
417
451
458
477
485
492
526
533
567
574
593
600
601
608
642
649
668
676
683
717
724
733
758
765
784
792
799
833
840
874
907
908
915
949
956
975
983
990
70
125
261
432
568
623
759
814
930
71
431
569
760
929
72
570
761
32
54
73
137
148
160
189
223
245
253
264
334
339
351
380
414
444
455
525
530
552
571
605
635
646
721
743
751
762
826
837
849
878
912
934
942
953
52
74
164
242
243
265
312
572
741
763
853
914
954
45
75
82
135
236
326
442
474
580
633
660
734
764
771
824
28
44
69
76
95
102
103
144
151
185
211
219
235
260
267
286
301
335
342
376
383
402
409
410
451
458
477
492
526
567
574
593
600
601
642
649
683
717
733
758
765
784
791
792
833
840
874
881
900
907
908
924
949
956
975
990
2
77
118
152
193
268
309
343
384
459
500
575
616
650
691
766
807
841
882
957
998
78
269
349
540
576
767
847
958
79
399
577
768
14
80
81
250
317
388
441
491
512
579
632
769
770
886
939
14
80
81
134
272
317
441
491
512
578
579
632
703
770
823
961
45
75
82
135
236
326
517
573
580
633
660
734
771
824
37
83
535
581
726
772
84
111
275
302
391
466
493
582
773
800
964
991
39
85
88
141
230
259
279
287
395
448
478
586
639
669
728
774
777
830
946
948
976
86
123
142
150
237
258
449
584
640
735
775
812
831
839
856
947
0
87
94
120
157
191
285
476
585
592
618
655
667
689
776
783
846
880
974
39
85
88
141
171
259
279
448
478
537
583
586
639
669
728
774
777
830
948
968
976
40
89
93
109
196
231
284
422
587
591
624
729
778
782
798
885
920
90
412
588
779
910
29
91
220
282
589
718
780
909
12
41
53
92
116
128
203
232
244
307
311
319
360
423
435
502
510
539
551
614
626
701
730
742
805
817
892
921
933
996
40
89
93
109
196
231
284
422
591
624
729
778
782
798
885
920
87
94
191
278
283
285
382
401
464
592
618
655
776
783
880
974
28
44
69
76
95
102
103
144
151
185
211
219
235
260
267
286
294
301
335
342
376
383
402
409
410
451
458
477
492
526
567
574
593
600
601
642
649
683
717
733
758
765
784
791
792
799
833
840
874
881
900
907
908
924
949
956
975
990
13
66
96
204
230
257
276
287
395
421
450
511
564
594
702
755
785
893
919
946
965
976
97
214
595
712
786
903
98
213
596
711
787
902
65
99
256
290
406
447
563
597
754
788
945
47
100
201
238
246
291
375
429
437
598
653
736
789
890
927
935
980
7
101
161
292
408
457
483
544
599
659
665
696
790
981
1
20
76
95
102
144
192
211
235
267
293
335
383
402
426
484
518
574
593
600
690
709
765
784
791
833
881
900
924
956
982
28
35
44
69
76
95
103
110
144
151
170
178
185
218
219
226
260
267
286
294
301
335
342
369
376
409
410
417
451
458
477
485
492
526
533
542
567
601
608
642
649
668
676
683
716
717
724
733
758
765
784
792
799
833
840
867
874
907
908
915
949
956
975
983
990
16
104
207
295
514
602
705
793
105
206
397
794
895
106
297
365
604
795
863
21
107
137
143
160
189
223
245
298
305
328
334
380
414
436
489
496
519
605
627
635
658
687
796
826
832
849
878
912
934
987
994
11
108
239
299
415
430
509
532
549
606
700
797
928
988
40
89
93
109
196
231
284
422
591
624
729
778
782
798
885
920
28
35
44
69
103
110
144
151
170
178
185
218
219
226
260
267
286
294
301
335
342
369
376
409
410
417
451
458
477
485
492
526
533
542
567
601
608
642
649
668
676
683
716
717
724
733
758
765
784
792
799
833
840
859
867
874
907
908
915
949
956
975
983
990
84
111
159
275
302
466
609
657
773
800
848
964
991
8
112
199
303
610
697
801
888
113
324
611
802
21
114
129
143
182
212
305
320
373
403
467
489
511
612
641
680
710
803
818
871
901
994
5
115
280
284
306
433
471
475
607
613
666
694
804
969
973
995
12
41
53
92
116
128
203
232
244
307
311
319
360
423
435
502
510
539
551
614
626
701
730
742
805
817
892
921
933
996
61
117
119
252
308
310
443
559
615
617
750
806
808
941
997
2
36
77
118
152
193
234
268
309
343
384
425
459
500
534
575
616
650
691
766
807
841
882
923
957
998
61
117
119
136
177
252
308
310
368
443
499
559
615
617
634
750
806
808
825
866
941
997
0
87
120
157
169
191
285
348
394
476
498
585
618
655
667
689
776
781
783
809
846
858
974
48
51
121
127
149
340
531
546
625
723
740
810
816
838
10
122
130
175
184
313
462
482
620
628
673
699
811
864
873
960
67
86
123
237
258
358
449
565
584
756
812
839
947
124
187
378
622
813
876
70
125
316
377
568
623
814
18
126
156
209
300
347
387
396
516
654
707
815
845
894
898
989
33
34
48
51
121
127
340
531
546
625
722
723
737
816
838
4
12
41
53
92
116
128
232
244
319
423
435
502
510
614
626
701
730
742
805
817
921
933
21
114
129
143
182
212
298
305
320
467
489
496
519
627
641
658
680
710
796
803
818
832
871
901
987
994
10
122
130
175
184
271
313
366
462
504
508
557
628
673
811
819
864
960
131
180
371
820
869
132
179
630
677
821
868
133
188
686
877
14
81
134
205
272
317
325
463
491
578
579
632
703
770
815
823
961
989
45
75
82
135
236
326
442
474
580
633
660
734
764
771
824
1
20
61
119
136
177
192
211
252
293
308
327
368
426
443
484
499
518
559
617
634
675
690
709
750
806
825
866
941
982
997
32
54
73
107
137
148
160
189
223
245
264
328
334
339
380
414
436
444
455
496
530
571
605
635
646
687
721
743
762
796
826
832
837
849
878
912
934
953
138
173
636
671
827
862
139
172
828
861
24
140
215
331
406
447
522
597
638
713
829
904
945
39
85
88
141
171
259
279
332
470
478
537
583
586
639
669
728
757
777
830
860
968
46
86
142
150
277
314
333
449
640
735
775
812
831
839
856
966
21
107
114
129
143
182
212
298
305
320
328
436
489
496
519
627
641
658
680
687
710
796
803
818
832
901
987
994
28
35
44
69
76
95
102
103
110
144
151
185
218
219
226
235
260
267
286
294
301
335
342
376
409
410
417
451
458
477
485
492
526
533
567
574
593
600
601
608
642
649
668
676
683
717
724
733
758
765
784
792
799
833
840
874
907
908
915
949
956
975
983
990
145
166
357
643
664
834
855
146
356
644
835
147
249
645
836
938
27
32
54
62
73
137
148
223
245
253
264
334
339
351
361
380
414
444
455
525
530
552
560
571
635
646
721
743
751
762
837
849
878
912
934
942
953
121
149
225
340
434
546
625
647
740
810
838
46
86
142
150
277
314
333
449
640
735
775
812
831
839
856
966
28
35
44
69
76
95
103
110
144
151
170
178
185
218
219
226
260
267
286
294
301
335
342
369
376
409
410
417
451
458
477
485
492
526
533
542
567
601
608
642
649
668
676
683
716
717
724
733
758
765
784
792
799
833
840
867
874
907
908
915
949
956
975
983
990
2
36
77
118
152
193
234
268
309
343
384
425
459
500
534
575
616
650
691
766
807
841
882
923
957
998
153
344
465
651
842
963
154
652
843
47
55
155
201
216
246
354
407
545
566
598
736
744
844
890
905
935
18
126
156
209
300
347
387
396
516
654
707
815
845
894
898
989
0
87
120
157
169
191
285
348
394
476
498
585
618
655
667
689
776
781
783
809
846
858
974
158
269
460
656
767
847
958
111
159
227
350
418
466
541
609
657
848
916
964
32
54
73
107
137
160
189
223
245
264
298
328
334
380
414
436
496
519
530
571
605
627
635
658
687
721
743
762
796
826
832
849
878
912
934
953
987
7
101
161
198
292
353
457
483
599
659
665
674
696
790
850
981
45
60
162
251
266
389
442
474
543
558
580
633
749
764
851
940
25
55
68
163
216
346
354
362
392
523
553
566
661
714
844
852
905
52
74
164
242
381
416
550
572
741
763
853
879
931
165
337
663
854
145
166
336
357
643
664
834
855
26
46
167
217
277
314
333
468
505
524
648
715
906
966
5
168
306
359
433
471
497
503
666
688
804
857
995
0
120
157
169
203
307
311
348
360
394
476
498
539
551
585
667
689
781
809
846
858
892
996
27
35
44
62
103
110
151
170
178
185
218
226
294
301
342
361
369
417
477
485
492
533
542
560
601
608
649
668
676
683
716
724
751
792
799
840
859
867
874
907
915
983
990
39
68
88
141
171
259
279
332
362
470
523
537
583
639
669
757
777
830
860
968
139
172
828
861
138
173
636
671
827
862
174
297
488
672
795
863
986
10
122
130
175
184
313
366
462
504
508
620
628
673
811
819
864
873
960
176
198
352
353
367
457
483
558
674
850
865
887
955
1
20
61
119
136
177
192
211
252
293
308
327
368
426
443
484
499
518
559
617
634
675
690
709
750
806
825
866
941
982
997
27
35
44
62
69
103
110
151
170
178
185
218
226
294
301
342
361
369
376
410
417
477
485
492
533
542
560
567
601
608
649
668
676
683
716
724
751
792
799
840
859
867
874
907
908
915
975
983
990
132
179
370
630
677
821
868
131
180
322
820
869
181
372
481
679
870
979
21
114
129
143
182
212
305
320
373
403
467
489
511
612
641
680
710
803
818
871
901
994
183
202
341
358
374
393
428
490
621
681
872
891
926
10
122
130
175
184
313
366
462
482
504
620
628
673
811
819
864
873
960
28
35
44
69
76
95
103
110
144
151
170
178
185
218
219
226
235
260
267
286
294
301
335
342
376
409
410
417
451
458
477
485
492
526
533
542
567
574
600
601
608
642
649
668
676
683
717
724
733
758
765
784
792
799
833
840
867
874
907
908
915
949
956
975
983
990
9
186
200
316
377
507
684
698
875
889
124
187
315
685
813
876
133
188
686
877
32
54
73
107
137
160
189
223
245
264
298
328
334
380
414
436
496
519
530
571
605
627
635
658
687
721
743
762
796
826
832
849
878
912
934
953
987
190
359
381
416
503
550
662
688
857
879
931
87
94
120
157
191
278
283
285
464
476
585
592
618
655
689
776
783
880
974
1
20
102
136
177
192
211
235
293
327
383
402
426
484
499
518
574
593
600
675
690
709
791
825
866
881
900
924
982
2
77
118
152
193
268
309
343
384
459
500
575
616
650
691
766
807
841
882
957
998
3
42
194
233
385
540
692
731
883
922
195
590
693
884
40
89
93
109
196
231
284
422
587
591
624
729
778
782
798
885
920
6
59
197
250
271
321
388
508
512
557
682
695
748
769
886
939
161
176
198
292
352
353
367
457
483
665
674
850
865
887
955
981
112
199
610
697
801
888
9
186
200
391
493
507
582
684
698
875
889
47
100
155
201
238
246
291
375
407
437
545
598
653
736
744
789
890
927
935
183
202
299
428
430
490
681
700
872
891
988
12
41
53
92
116
169
203
232
244
307
311
319
348
360
394
423
435
498
510
539
551
614
701
730
742
781
805
858
892
921
933
996
13
66
96
204
230
257
276
287
395
421
448
450
564
594
702
755
774
785
893
919
946
948
965
976
134
205
272
325
463
516
578
654
703
815
823
894
961
989
105
206
296
794
895
16
104
207
398
411
602
705
896
208
461
652
18
126
156
209
300
347
387
396
400
538
587
707
798
845
898
19
210
273
278
283
382
401
427
464
469
517
708
899
925
962
967
972
1
20
76
95
102
136
177
192
211
235
293
327
383
402
426
484
499
518
574
593
600
675
690
709
791
825
866
881
900
924
982
21
114
129
143
182
212
305
320
373
403
467
489
511
519
612
627
641
658
680
710
803
818
871
901
987
994
98
213
596
711
787
902
97
214
595
786
903
24
140
215
256
331
406
447
522
597
638
713
829
904
945
25
55
155
163
216
346
354
392
407
545
553
566
714
744
844
852
890
905
26
167
217
408
468
505
524
544
599
648
715
906
27
28
35
44
69
103
110
144
151
170
178
185
218
219
226
260
267
286
294
301
335
342
369
376
409
410
417
451
458
477
485
492
526
533
542
560
567
601
608
642
649
668
676
683
716
717
724
733
758
792
799
833
840
859
867
874
907
908
915
949
956
975
983
990
28
35
44
69
76
95
103
110
144
151
185
218
219
226
235
260
267
286
294
301
335
342
376
409
410
417
451
458
477
485
492
526
533
567
574
593
600
601
608
642
649
668
676
683
717
724
733
758
765
784
792
799
833
840
874
907
908
915
949
956
975
983
990
29
91
220
398
411
589
718
780
909
221
281
779
910
970
222
556
720
911
32
54
73
107
137
148
160
189
223
245
253
264
328
334
339
351
380
414
436
444
455
525
530
552
571
605
635
646
687
721
743
762
826
837
849
878
912
934
942
953
33
34
48
224
239
318
415
549
619
722
737
816
913
149
225
243
265
355
434
456
647
740
810
914
932
954
28
35
44
69
103
110
144
151
170
178
185
218
219
226
260
267
286
294
301
335
342
369
376
409
410
417
451
458
477
485
492
526
533
542
567
601
608
642
649
668
676
683
716
717
724
733
758
784
792
799
833
840
859
867
874
907
908
915
949
956
975
983
990
36
43
159
227
234
350
418
534
541
725
732
848
916
923
37
228
390
419
581
726
917
229
515
727
918
66
85
96
204
230
257
276
287
395
448
450
478
586
702
728
755
774
785
893
919
946
948
976
40
89
93
109
196
231
284
422
587
591
624
729
778
782
798
885
920
12
41
53
92
116
128
203
232
244
307
311
319
423
435
502
510
539
551
614
626
701
730
742
805
817
892
921
933
996
3
42
194
233
424
501
692
731
883
922
36
43
118
152
227
234
343
425
534
541
616
725
732
807
841
916
923
28
69
76
95
102
144
185
192
211
219
235
260
267
286
293
335
376
383
402
409
410
451
458
526
567
574
593
600
601
642
649
709
717
733
758
765
784
791
833
874
881
900
908
924
949
956
975
982
19
75
82
135
236
273
326
469
517
573
708
734
771
824
925
972
67
86
123
237
258
358
449
565
584
621
756
812
839
926
947
47
100
201
238
246
291
375
429
437
598
653
736
789
890
927
935
980
108
224
239
318
415
509
532
549
606
619
913
928
240
262
738
760
929
951
50
241
261
432
452
739
759
930
950
52
74
164
242
243
265
312
572
741
763
853
914
932
954
74
225
242
243
265
312
355
456
741
763
853
914
932
954
12
41
53
92
116
128
203
232
244
307
311
319
423
435
502
510
539
551
614
626
701
730
742
805
817
892
921
933
996
32
54
73
107
137
148
160
189
223
245
264
328
334
339
351
380
414
436
444
455
530
571
605
635
646
687
721
743
762
796
826
837
849
878
912
934
942
953
47
100
155
201
238
246
375
407
545
598
653
736
744
789
890
927
935
247
255
753
936
63
248
561
746
752
937
147
249
338
836
938
59
80
197
250
321
388
441
512
579
695
748
769
886
939
45
60
162
251
266
389
442
474
543
558
580
749
764
851
940
1
20
61
117
119
136
177
252
308
327
368
426
443
484
499
518
559
617
634
675
690
750
806
808
825
866
941
997
27
32
54
62
73
148
223
253
264
339
351
361
369
444
455
525
530
552
560
571
635
646
716
721
743
751
762
837
849
859
942
953
57
254
555
746
752
943
247
255
745
944
65
99
215
256
406
447
563
597
638
754
788
904
945
13
66
96
204
230
257
276
287
395
421
448
450
478
586
594
702
728
755
774
785
893
919
946
948
965
976
67
86
123
237
258
358
449
565
584
756
812
839
947
39
85
88
141
171
259
279
395
448
478
537
583
586
639
669
728
774
777
830
948
968
976
28
35
44
69
76
95
103
110
144
151
185
218
219
226
235
260
267
286
294
301
335
342
376
409
410
417
451
458
477
485
492
526
533
567
574
593
600
601
608
642
649
668
676
683
717
724
733
758
765
784
792
799
833
840
874
907
908
915
949
956
975
983
990
50
70
241
261
432
452
739
759
930
950
240
262
760
929
951
263
440
761
952
32
54
62
73
137
148
160
189
223
245
253
264
334
339
351
361
380
414
444
455
525
530
552
571
635
646
721
743
751
762
826
837
849
878
912
934
942
953
74
225
242
243
265
312
355
456
741
763
853
914
932
954
60
162
251
266
352
367
389
543
558
749
851
887
940
955
28
35
44
69
76
95
102
103
110
144
151
185
218
219
226
235
260
267
286
294
301
335
342
376
383
402
409
410
417
451
458
477
485
492
526
533
567
574
593
600
601
608
642
649
683
717
724
733
758
765
784
792
799
833
840
874
907
908
915
924
949
956
975
983
990
2
77
118
152
193
268
309
343
384
459
500
575
616
650
691
766
807
841
882
957
998
78
158
269
349
460
656
767
847
958
270
768
897
959
6
59
130
197
271
313
321
366
504
508
557
682
695
748
819
864
960
14
81
134
205
272
317
325
463
491
578
632
703
770
815
823
961
989
19
210
236
273
382
401
427
469
517
573
708
771
899
925
962
967
972
274
344
535
772
842
963
84
111
275
302
466
582
609
657
773
800
964
991
13
66
96
204
230
257
276
287
395
421
450
511
564
594
702
755
785
893
919
946
965
976
26
46
142
150
167
277
314
333
524
640
735
775
831
856
966
94
191
210
278
283
382
401
427
464
592
618
776
783
880
899
962
967
39
85
88
141
171
259
279
332
470
537
583
639
669
757
777
830
860
968
5
115
280
284
422
475
607
613
694
778
782
804
969
973
221
281
719
779
910
970
29
91
282
473
527
718
780
971
94
191
210
278
283
382
401
427
464
592
618
776
783
880
899
962
967
89
93
109
115
196
231
280
284
422
475
607
613
694
778
782
920
973
0
87
94
120
157
191
285
476
585
592
618
655
689
776
783
846
880
974
28
35
44
69
76
95
103
110
144
151
185
218
219
226
235
260
267
286
294
301
335
342
376
409
410
417
451
458
477
485
492
526
533
567
574
593
600
601
608
642
649
668
676
683
717
724
733
758
765
784
792
799
833
840
874
907
908
915
949
956
975
983
990
66
85
96
204
230
257
276
287
395
421
448
450
478
586
702
728
755
774
785
893
919
946
948
976
23
288
712
786
977
22
289
520
711
787
978
65
99
290
372
481
563
754
788
870
979
100
201
238
291
375
429
437
482
620
653
699
789
873
927
935
980
7
101
161
198
292
353
457
483
599
659
665
674
696
790
850
981
1
20
102
136
177
192
211
235
293
327
383
402
426
484
499
518
574
593
600
675
690
709
791
825
866
881
900
924
982
28
35
44
69
95
103
110
144
151
170
178
185
218
219
226
260
267
286
294
301
335
342
369
376
409
410
417
451
458
477
485
492
526
533
542
567
601
608
642
649
668
676
683
716
717
724
733
758
765
784
792
799
833
840
859
867
874
907
908
915
949
956
975
983
990
16
104
295
323
486
514
793
984
15
206
296
704
985
106
174
297
488
795
863
986
21
107
129
143
160
189
298
305
328
334
414
436
489
496
519
605
627
658
680
687
710
796
803
818
826
832
878
934
987
994
11
108
202
299
428
430
490
532
606
700
797
928
988
18
126
156
209
300
347
387
396
516
654
707
815
845
894
898
989
28
35
44
69
76
95
103
110
144
151
170
178
185
218
219
226
260
267
286
294
301
335
342
369
376
409
410
417
451
458
477
485
492
526
533
542
567
601
608
642
649
668
676
683
716
717
724
733
758
765
784
792
799
833
840
859
867
874
907
908
915
949
956
975
983
990
84
111
275
302
391
466
493
582
773
800
964
991
8
112
303
506
697
801
992
304
802
993
21
107
114
129
143
182
212
298
305
320
467
489
496
519
627
641
658
680
710
796
803
818
832
871
901
987
994
5
115
168
306
433
471
475
497
607
666
694
804
857
969
995
12
41
53
92
116
169
203
232
244
307
311
319
348
360
394
423
435
498
510
539
551
614
701
730
742
781
805
858
892
921
933
996
1
61
117
119
136
177
252
308
327
368
443
499
518
559
617
634
675
750
806
808
825
866
941
997
2
77
118
152
193
268
309
343
384
425
459
500
534
575
616
650
691
766
807
841
882
923
957
998
117
119
310
424
501
615
806
808
12
41
53
92
116
169
203
232
244
307
311
348
360
394
498
510
539
551
614
667
701
730
742
781
805
809
858
892
933
996
52
74
242
243
265
312
355
456
572
741
763
853
914
932
954
10
122
130
175
184
271
313
366
462
504
508
628
673
811
819
864
960
46
142
150
167
277
314
333
524
640
735
775
831
856
966
187
315
494
685
813
9
125
186
316
377
507
568
814
875
14
80
81
134
272
317
388
441
491
512
578
579
632
703
770
939
33
34
48
224
239
318
415
619
722
737
816
913
12
41
53
92
116
128
203
232
244
307
319
423
435
502
510
539
551
614
626
701
730
742
805
817
921
933
21
114
129
143
182
212
305
320
373
403
467
489
511
612
641
680
710
803
818
871
901
994
6
59
197
250
271
321
366
504
508
557
682
695
748
769
819
886
180
322
678
295
323
486
677
821
984
113
324
611
802
134
205
272
325
463
516
578
654
703
815
823
894
961
989
19
75
82
135
236
326
469
517
573
633
660
734
771
824
925
1
20
61
136
177
192
211
252
293
308
327
368
426
443
484
499
518
559
617
634
675
690
709
750
791
825
866
881
900
941
982
997
21
107
137
143
160
189
223
245
298
328
334
380
414
436
489
496
519
571
605
627
635
658
687
721
796
826
832
849
878
912
934
987
994
329
480
671
827
330
670
24
140
215
331
406
447
522
638
713
829
904
68
141
171
279
332
362
470
523
537
583
661
669
757
777
830
860
968
26
46
142
150
167
277
314
333
524
640
735
775
831
856
966
32
54
73
107
137
148
160
189
223
245
264
298
328
334
339
380
414
436
444
455
496
530
571
605
635
646
687
721
743
762
796
826
832
837
849
878
912
934
953
28
35
44
69
76
95
102
103
110
144
151
185
218
219
226
235
260
267
286
294
301
335
342
376
409
410
417
451
458
477
485
492
526
533
567
574
593
600
601
608
642
649
668
676
683
717
724
733
758
765
784
792
799
833
840
874
907
908
915
949
956
975
983
990
166
336
473
664
834
971
165
337
854
249
338
747
836
32
54
62
73
137
148
223
245
253
264
334
339
351
361
380
414
444
455
525
530
552
571
635
646
721
743
751
762
826
837
849
878
912
934
942
953
48
51
121
127
149
340
531
546
625
723
740
810
816
838
67
183
341
358
374
393
565
621
756
872
891
926
28
35
44
69
76
95
103
110
144
151
170
178
185
218
219
226
260
267
286
294
301
335
342
369
376
409
410
417
451
458
477
485
492
526
533
542
567
601
608
642
649
668
676
683
716
717
724
733
758
765
784
792
799
833
840
859
867
874
907
908
915
949
956
975
983
990
2
36
43
77
118
152
193
234
268
309
343
384
425
459
500
534
575
616
650
691
725
732
766
807
841
882
923
957
998
153
274
344
465
535
772
842
963
345
706
843
25
68
163
216
346
354
362
392
470
523
553
566
661
714
844
852
18
126
156
209
300
347
387
396
400
538
587
707
845
898
0
53
120
157
169
203
307
311
348
360
394
498
539
551
585
667
689
781
809
846
858
892
996
78
269
349
540
576
767
847
958
36
43
159
227
350
418
541
609
657
725
732
848
916
27
32
54
62
73
148
223
245
253
264
339
351
361
380
444
455
525
530
552
560
571
635
646
721
743
751
762
837
849
859
912
942
953
60
176
198
266
352
353
367
389
558
674
850
851
865
887
955
161
176
198
292
352
353
367
457
483
674
850
865
887
955
981
25
55
155
163
216
346
354
392
407
545
553
566
714
744
844
852
890
905
225
243
265
312
355
434
456
647
763
914
932
954
146
356
835
854
145
166
357
548
643
834
855
67
123
183
237
258
341
358
374
393
565
584
621
756
872
926
168
190
359
381
416
497
503
550
662
688
857
879
931
0
12
41
53
92
116
169
203
307
311
348
360
394
498
539
551
667
701
730
742
781
805
809
846
858
892
996
27
54
62
148
170
178
253
264
339
351
361
369
444
455
525
542
552
560
646
668
676
716
751
837
859
867
942
953
25
68
163
171
332
346
362
392
470
523
537
553
583
661
714
757
852
860
968
363
637
364
445
636
862
106
365
604
795
6
130
175
184
271
313
321
366
504
508
557
682
695
811
819
864
960
60
176
198
266
352
353
367
389
558
674
749
851
865
887
955
1
20
61
119
136
177
252
308
327
368
426
443
484
499
518
559
617
634
675
690
709
750
806
825
866
941
982
997
27
35
44
62
103
110
151
170
178
218
226
253
294
301
342
361
369
417
477
485
492
525
533
542
552
560
608
668
676
716
724
751
792
799
840
859
867
907
915
983
990
179
370
439
630
868
131
371
629
181
290
372
481
563
870
979
13
66
114
182
212
320
373
403
421
467
511
564
594
612
641
680
702
803
818
871
901
965
67
183
341
358
374
393
565
621
681
872
891
926
47
100
201
238
246
291
375
429
437
598
653
699
736
789
927
935
980
28
35
44
69
76
95
103
110
144
151
178
185
218
219
226
235
260
267
286
294
301
335
342
376
409
410
417
451
458
477
485
492
526
533
542
567
574
593
600
601
608
642
649
668
676
683
717
724
733
758
765
784
792
799
833
840
867
874
907
908
915
949
956
975
983
990
9
125
186
316
377
507
568
814
875
124
378
622
876
379
631
877
32
54
73
107
137
148
160
189
223
245
264
328
334
339
351
380
414
436
444
455
525
530
552
571
605
635
646
687
721
743
762
796
826
837
849
878
912
934
942
953
52
164
190
359
381
416
503
550
572
662
741
879
931
94
210
273
278
283
382
401
427
464
592
708
880
899
962
967
972
1
20
76
95
102
192
211
235
267
293
383
402
426
484
518
574
593
600
690
709
765
784
791
881
900
924
956
982
2
77
118
152
193
268
309
343
384
459
500
575
616
650
691
766
807
841
882
957
998
42
194
385
540
576
731
883
386
884
18
126
156
209
300
347
387
396
516
654
707
845
894
898
59
80
197
250
317
388
441
512
579
748
769
886
939
60
162
251
266
352
367
389
543
558
749
851
887
940
955
228
390
419
888
917
84
200
302
391
493
582
684
698
773
889
991
25
55
68
163
216
346
354
362
392
523
553
566
661
714
844
852
905
67
183
341
358
374
393
565
621
681
756
872
891
926
0
53
120
157
169
203
307
311
348
360
394
498
539
551
585
667
781
809
846
858
892
996
66
85
96
204
230
257
259
276
287
395
448
450
478
586
728
755
774
785
893
919
946
948
976
18
126
156
209
300
347
387
396
516
654
707
845
894
898
105
397
603
895
207
220
398
411
589
896
909
79
399
577
768
40
209
347
400
538
587
591
624
729
798
885
898
94
210
273
278
283
382
401
427
464
592
708
880
899
962
967
972
1
20
76
95
102
192
211
235
267
293
383
402
426
484
518
574
593
600
690
709
765
784
791
881
900
924
982
13
114
182
212
320
373
403
421
467
511
564
594
612
641
680
702
803
818
871
901
965
404
405
596
902
404
405
595
903
24
99
140
215
256
331
406
447
522
597
638
713
754
829
904
945
47
55
155
201
216
246
354
407
545
566
598
736
744
844
890
905
7
101
217
408
468
505
544
599
648
659
715
790
906
28
35
44
69
76
95
103
110
144
151
185
218
219
226
235
260
267
286
294
301
335
342
376
409
410
417
451
458
477
485
492
526
533
567
574
593
600
601
608
642
649
668
676
683
717
724
733
758
765
784
792
799
833
840
874
907
908
915
949
956
975
983
990
28
35
44
69
76
95
103
110
144
151
178
185
218
219
226
235
260
267
286
294
301
335
342
376
409
410
417
451
458
477
485
492
526
533
542
567
574
593
600
601
608
642
649
668
676
683
717
724
733
758
765
784
792
799
833
840
867
874
907
908
915
949
956
975
983
990
207
220
398
411
602
896
909
90
412
588
779
413
556
604
911
32
54
73
107
137
148
160
189
223
245
264
298
328
334
339
380
414
436
444
455
496
530
571
605
635
646
687
721
743
762
796
826
832
837
849
878
912
934
953
34
108
224
239
318
415
509
532
549
606
619
737
913
928
52
164
190
359
381
416
503
550
572
662
688
879
931
28
35
44
69
103
110
144
151
170
178
185
218
219
226
260
267
286
294
301
335
342
369
376
409
410
417
451
458
477
485
492
526
533
542
567
601
608
642
649
668
676
683
716
717
724
733
758
784
792
799
833
840
859
867
874
907
908
915
949
956
975
983
990
43
159
227
350
418
466
541
609
657
725
732
848
916
228
390
419
610
888
917
420
918
13
66
96
204
257
276
287
373
403
421
450
511
564
594
612
702
755
785
893
919
946
965
89
93
109
196
231
280
284
422
475
613
694
778
782
920
973
12
41
53
92
116
128
203
232
244
307
319
423
435
502
510
539
551
614
626
701
730
742
805
817
921
933
3
233
310
424
501
615
692
922
2
36
43
118
152
234
309
343
425
459
500
534
541
616
650
725
732
807
841
923
957
998
1
20
61
102
136
177
192
211
252
293
327
368
383
402
426
443
484
499
518
559
617
634
675
690
709
750
791
825
866
881
900
924
941
982
997
19
210
273
278
283
382
401
427
464
469
592
708
899
925
962
967
972
11
183
202
299
428
430
490
681
700
797
891
988
100
238
291
375
429
437
462
482
620
653
699
789
873
927
935
980
11
108
202
299
428
430
490
681
700
797
891
988
71
431
569
760
929
70
241
261
432
568
623
759
930
950
5
115
168
306
433
471
475
497
607
666
804
857
969
995
149
225
355
434
456
647
740
810
838
932
954
12
41
53
92
116
128
203
232
244
307
319
423
435
502
510
539
551
614
626
701
730
742
805
817
921
933
21
107
137
143
160
189
223
245
298
328
334
380
414
436
489
496
519
571
605
627
635
658
687
721
796
826
832
849
878
912
934
987
994
100
201
238
291
375
429
437
482
620
653
699
789
873
927
935
980
64
438
562
370
439
561
937
263
440
454
952
14
80
81
250
317
388
441
491
512
579
632
769
770
886
939
45
75
135
162
251
442
474
543
580
633
660
734
749
764
940
1
20
61
117
119
136
177
252
308
327
368
426
443
484
499
518
559
617
634
675
690
709
750
806
808
825
866
941
982
997
32
54
62
73
137
148
223
245
253
264
334
339
351
361
380
414
444
455
525
530
552
560
571
635
646
721
743
751
762
826
837
849
878
912
934
942
953
364
445
555
943
56
446
554
24
99
140
215
256
331
406
447
522
597
638
713
754
829
904
945
39
85
88
204
230
257
259
287
395
448
478
586
639
728
774
777
785
893
919
946
948
976
86
123
142
150
237
258
449
584
640
735
756
775
812
839
856
947
13
66
96
204
230
257
276
287
395
421
450
511
564
594
702
755
785
893
919
946
965
976
28
35
44
69
76
95
103
110
144
151
185
218
219
226
235
260
267
286
294
301
335
342
376
409
410
417
451
458
477
485
492
526
533
567
574
593
600
601
608
642
649
668
676
683
717
724
733
758
765
784
792
799
833
840
874
907
908
915
949
956
975
983
990
50
241
261
452
548
643
739
950
49
453
738
951
440
454
952
27
32
54
62
73
137
148
223
245
253
264
334
339
351
361
380
414
444
455
525
530
552
560
571
635
646
721
743
751
762
826
837
849
878
912
934
942
953
225
243
265
312
355
434
456
647
740
810
914
932
954
7
101
161
176
198
292
353
457
483
599
659
665
674
696
790
850
981
28
35
44
69
76
95
103
110
144
151
185
218
219
226
235
260
267
286
294
301
335
342
376
409
410
417
451
458
477
485
492
526
533
567
574
593
600
601
608
642
649
668
676
683
717
724
733
758
765
784
792
799
833
840
874
907
908
915
949
956
975
983
990
2
77
118
152
193
268
309
343
384
425
459
500
575
616
650
691
766
807
841
882
957
998
158
269
460
651
656
847
958
208
461
897
959
10
122
130
175
184
313
429
462
482
620
628
673
699
811
864
873
980
134
205
272
325
463
516
578
654
703
815
823
894
961
989
94
191
210
278
283
382
401
427
464
592
618
776
783
880
899
962
967
153
344
465
651
842
963
84
111
159
275
302
418
466
609
657
773
800
848
964
991
13
114
129
182
212
305
320
373
403
467
511
564
594
612
641
680
710
803
818
871
901
965
26
46
167
217
408
468
505
524
544
648
715
906
966
19
210
236
273
326
427
469
517
573
708
771
899
925
962
967
972
68
141
171
279
332
346
362
470
523
537
583
661
669
757
830
860
968
5
115
168
306
433
471
497
607
666
688
804
857
969
995
30
472
719
970
282
336
473
527
664
971
45
75
135
162
251
442
474
543
580
633
660
734
764
824
940
5
115
280
284
306
422
433
475
607
613
666
694
804
969
973
0
87
120
157
169
191
285
476
498
585
618
655
667
689
776
781
783
809
846
974
28
35
44
69
76
95
103
110
144
151
170
178
185
218
219
226
260
267
286
294
301
335
342
369
376
409
410
417
451
458
477
485
492
526
533
542
567
601
608
642
649
668
676
683
716
717
724
733
758
765
784
792
799
833
840
859
867
874
907
908
915
949
956
975
983
990
39
85
88
141
230
257
259
287
395
448
478
586
639
669
728
774
777
946
948
976
479
521
977
329
480
520
978
181
290
372
481
679
870
979
10
122
184
291
429
437
462
482
620
628
673
699
811
873
927
980
101
161
176
198
292
353
457
483
665
674
696
790
850
865
887
981
1
20
61
102
136
177
192
211
252
293
327
368
383
402
426
443
484
499
518
559
617
634
675
690
709
750
791
825
866
881
900
924
941
982
997
27
28
35
44
69
103
110
144
151
170
178
185
218
219
226
260
267
286
294
301
335
342
369
376
409
410
417
451
458
477
485
492
526
533
542
560
567
601
608
642
649
668
676
683
716
717
724
733
758
792
799
833
840
859
867
874
907
908
915
949
956
975
983
990
295
323
486
677
821
984
15
487
513
174
297
488
672
679
986
21
107
114
129
143
182
212
298
305
320
328
436
489
496
519
627
641
658
680
687
710
796
803
818
832
871
901
987
994
11
183
202
299
428
430
490
681
700
797
891
988
14
80
81
134
272
317
441
491
512
578
579
632
703
770
823
961
28
35
44
69
76
95
103
110
144
151
170
178
185
218
219
226
260
267
286
294
301
335
342
369
376
409
410
417
451
458
477
485
492
526
533
542
567
601
608
642
649
668
676
683
716
717
724
733
758
765
784
792
799
833
840
859
867
874
907
908
915
949
956
975
983
990
84
200
302
391
493
582
684
773
889
991
315
494
506
992
495
822
993
21
107
129
137
143
160
189
298
305
328
334
414
436
489
496
519
605
627
658
680
687
710
796
803
818
826
832
878
934
987
994
5
168
306
359
433
471
497
503
666
688
857
995
0
120
157
169
203
307
311
348
360
394
476
498
539
551
585
667
689
781
809
846
858
892
996
1
20
61
119
136
177
192
211
252
293
308
327
368
426
443
484
499
518
559
617
634
675
690
709
750
806
825
866
881
900
941
982
997
2
77
118
152
193
268
309
343
384
425
459
500
575
616
650
691
766
807
841
882
957
998
3
233
310
424
501
615
692
922
4
12
41
53
92
116
128
232
244
319
423
435
502
510
614
626
701
730
742
805
817
921
933
168
190
359
381
416
497
503
550
662
688
857
879
931
6
59
130
175
184
271
313
321
366
504
508
557
682
695
819
864
960
26
167
217
408
468
505
524
544
599
648
715
906
8
303
494
506
992
9
186
200
316
377
507
684
698
814
875
6
59
130
175
197
271
313
321
366
504
508
557
682
695
748
819
864
960
11
108
239
415
509
532
549
606
797
913
928
12
41
53
92
116
128
203
232
244
307
311
319
423
435
502
510
539
551
614
626
701
730
742
805
817
892
921
933
13
66
96
114
182
212
276
320
373
403
421
450
467
511
564
594
612
641
702
755
803
871
901
965
14
80
81
197
250
317
388
441
491
512
579
632
748
769
886
939
487
513
16
104
295
514
705
793
984
229
515
727
918
18
126
156
205
300
325
387
396
463
516
654
707
815
845
894
989
19
82
210
236
273
326
469
517
573
708
771
824
925
972
1
20
61
102
136
177
192
211
252
293
308
327
368
383
402
426
443
484
499
518
559
617
634
675
690
709
750
791
825
866
881
900
924
941
982
997
21
107
129
143
160
189
212
298
305
328
436
489
496
519
605
627
658
680
687
710
796
803
818
826
832
878
934
987
994
22
289
480
520
978
479
521
977
24
140
215
331
406
447
522
638
713
829
904
25
68
163
171
332
346
362
392
470
523
537
553
583
661
714
757
852
860
26
46
167
217
277
314
333
468
505
524
648
715
831
966
27
32
54
62
73
148
223
253
264
339
351
361
369
380
444
455
525
530
552
560
571
635
646
721
743
751
762
837
849
859
912
942
953
28
35
44
69
76
95
103
110
144
151
185
218
219
226
235
260
267
286
294
301
335
342
376
409
410
417
451
458
477
485
492
526
533
567
574
593
600
601
608
642
649
668
676
683
717
724
733
758
765
784
792
799
833
840
874
907
908
915
949
956
975
983
990
29
282
473
527
780
971
528
663
31
58
529
747
32
54
62
73
137
148
160
189
223
245
253
264
334
339
351
380
414
444
455
525
530
552
571
635
646
721
743
751
762
826
837
849
878
912
934
942
953
33
34
48
51
121
127
340
531
546
625
722
723
737
816
11
108
239
299
415
509
532
549
606
700
797
928
988
28
35
44
69
103
110
144
151
170
178
185
218
219
226
260
267
286
294
301
335
342
369
376
409
410
417
451
458
477
485
492
526
533
542
567
601
608
642
649
668
676
683
716
717
724
733
758
765
784
792
799
833
840
859
867
874
907
908
915
949
956
975
983
990
36
43
118
152
227
234
309
343
425
534
541
616
650
725
732
807
841
916
923
998
37
83
274
344
535
726
772
17
38
536
39
68
88
141
171
259
279
332
362
470
523
537
583
639
669
757
777
830
860
968
40
209
347
400
538
587
591
624
729
798
885
898
12
41
53
92
116
169
203
232
244
307
311
319
348
360
394
423
435
498
510
539
551
614
701
730
742
781
805
858
892
921
933
996
42
78
194
349
385
540
576
731
883
36
43
159
227
234
350
418
425
534
541
725
732
848
916
923
27
35
44
62
103
110
151
170
178
185
218
226
294
301
342
361
369
376
410
417
477
485
492
533
542
560
601
608
649
668
676
683
716
724
751
792
799
840
859
867
874
907
915
983
990
45
60
162
251
266
389
442
474
543
558
580
749
764
851
940
7
26
101
217
408
468
505
544
599
648
659
715
790
906
47
55
155
201
216
246
354
407
545
566
598
736
744
844
890
905
51
121
127
149
340
531
546
625
647
723
740
810
838
49
547
644
50
357
452
548
643
739
11
108
224
239
415
509
532
549
606
619
797
913
928
52
164
190
359
381
416
503
550
572
662
741
879
931
12
41
53
92
116
169
203
232
244
307
311
319
348
360
394
423
435
498
510
539
551
614
701
730
742
781
805
858
892
921
933
996
27
32
54
62
73
148
223
253
264
339
351
361
369
380
444
455
525
530
552
560
571
635
646
721
743
751
762
837
849
859
912
942
953
25
55
68
163
216
346
354
362
392
523
553
566
661
714
844
852
905
446
554
57
254
445
555
943
222
413
556
720
911
6
59
130
197
271
321
366
504
508
557
682
695
748
819
886
960
60
162
176
251
266
352
367
389
543
558
749
851
865
887
940
955
1
20
61
117
119
136
177
252
308
327
368
426
443
484
499
518
559
617
634
675
690
709
750
806
808
825
866
941
982
997
27
62
148
170
178
218
253
351
361
369
444
455
485
525
542
552
560
646
668
676
716
751
837
859
867
942
63
248
439
561
937
438
562
65
99
256
290
372
563
754
788
979
13
66
96
204
276
373
403
421
450
467
511
564
594
612
702
755
785
871
893
919
965
67
123
237
258
341
358
374
393
565
584
621
756
872
926
25
55
155
163
216
346
354
392
407
545
553
566
714
744
844
852
890
905
28
35
44
69
76
95
103
110
144
151
178
185
218
219
226
235
260
267
286
294
301
335
342
376
409
410
417
451
458
477
485
492
526
533
567
574
593
600
601
608
642
649
668
676
683
717
724
733
758
765
784
792
799
833
840
874
907
908
915
949
956
975
983
990
70
125
316
377
432
568
623
759
814
71
431
569
622
72
570
631
32
54
73
137
148
160
189
223
245
253
264
328
334
339
351
380
414
436
444
455
525
530
552
571
605
635
646
687
721
743
762
826
837
849
878
912
934
942
953
52
74
164
242
312
381
416
550
572
741
763
853
914
931
19
82
236
273
326
469
517
573
708
771
824
925
972
28
69
76
95
102
144
185
192
211
219
235
260
267
286
293
335
376
383
402
409
410
451
458
526
567
574
593
600
601
642
649
709
717
733
758
765
784
791
833
874
881
900
908
924
949
956
975
982
2
77
118
152
193
268
309
343
384
459
500
575
616
650
691
766
807
841
882
957
998
78
349
385
540
576
767
79
399
577
14
81
134
205
272
317
325
463
491
578
632
703
770
815
823
961
989
14
80
81
134
250
317
388
441
491
512
579
632
703
769
770
939
45
75
82
135
162
251
442
474
543
580
633
660
734
764
824
940
37
83
228
581
726
917
84
200
275
302
391
493
582
773
800
889
964
991
39
68
88
141
171
259
279
332
362
470
523
537
583
639
669
757
777
830
860
968
67
86
123
237
258
358
449
565
584
756
812
839
947
0
87
120
157
169
191
285
348
394
476
498
585
618
655
667
689
781
809
846
858
974
39
85
88
141
230
257
259
287
395
448
478
586
639
669
728
774
777
946
948
976
40
89
196
209
231
347
400
538
587
591
624
729
798
885
898
90
412
588
603
29
91
220
398
589
718
780
909
4
195
590
693
884
40
89
93
109
196
231
400
538
587
591
624
729
778
782
798
885
920
87
94
191
278
283
285
382
401
427
464
592
618
655
776
783
880
899
967
28
69
76
95
102
144
192
211
219
235
260
267
286
293
335
376
383
402
409
410
451
458
526
567
574
593
600
642
649
709
717
733
758
765
784
791
833
874
881
900
908
924
949
956
975
982
13
66
96
204
257
276
373
403
421
450
467
511
564
594
612
702
755
785
871
893
919
965
97
214
405
595
903
98
213
404
596
902
65
99
140
215
256
406
447
597
638
754
788
829
904
945
47
100
155
201
238
246
375
407
545
598
653
736
744
789
890
927
935
7
101
161
217
292
408
457
505
544
599
659
665
696
790
906
981
28
69
76
95
102
144
185
192
211
219
235
260
267
286
293
335
376
383
402
409
410
451
458
526
567
574
593
600
601
642
649
709
717
733
758
765
784
791
833
874
881
900
908
924
949
956
975
982
28
35
44
69
76
95
103
110
144
151
170
178
185
218
219
226
235
260
267
286
294
301
335
342
376
409
410
417
451
458
477
485
492
526
533
542
567
574
600
601
608
642
649
668
676
683
717
724
733
758
765
784
792
799
833
840
867
874
907
908
915
949
956
975
983
990
16
104
207
411
602
705
793
896
397
588
603
106
365
413
604
795
32
73
107
137
160
189
223
245
298
328
334
380
414
436
496
519
571
605
627
635
658
687
721
743
796
826
832
849
878
912
934
987
994
11
108
239
299
415
509
532
549
606
797
928
5
115
280
284
306
433
471
475
607
613
666
694
804
969
973
995
28
35
44
69
103
110
144
151
170
178
185
218
219
226
260
267
286
294
301
335
342
369
376
409
410
417
451
458
477
485
492
526
533
542
567
601
608
642
649
668
676
683
716
717
724
733
758
765
784
792
799
833
840
859
867
874
907
908
915
949
956
975
983
990
111
159
275
350
418
466
609
657
800
848
916
964
112
199
419
610
697
801
888
113
324
611
13
114
182
212
320
373
403
421
467
511
564
594
612
641
680
702
803
818
871
901
965
5
115
280
284
422
475
607
613
694
778
804
969
973
12
41
53
92
116
128
203
232
244
307
311
319
423
435
502
510
539
551
614
626
701
730
742
805
817
892
921
933
996
117
119
310
424
501
615
806
808
2
36
77
118
152
193
234
268
309
343
384
425
459
500
534
575
616
650
691
725
732
766
807
841
882
923
957
998
1
20
61
117
119
136
177
252
308
327
368
426
443
484
499
518
559
617
634
675
690
750
806
808
825
866
941
997
87
94
120
157
191
278
283
285
464
476
585
592
618
655
689
776
783
880
974
33
34
48
224
239
318
415
549
619
722
737
816
913
10
122
175
184
291
429
437
462
482
620
628
673
699
811
873
980
67
183
237
341
358
374
393
565
621
756
872
891
926
124
378
569
622
70
125
432
568
623
759
814
40
89
93
109
196
231
400
538
587
591
624
729
778
782
798
885
920
48
51
121
127
149
340
531
546
625
647
723
740
810
838
4
12
41
53
92
116
128
232
244
319
423
435
502
510
614
626
701
730
742
805
817
921
933
21
107
129
143
160
189
212
298
305
328
436
489
496
519
605
627
658
680
687
710
796
803
818
832
987
994
10
122
130
175
184
313
462
482
620
628
673
699
811
864
873
960
980
371
629
132
179
370
630
677
868
379
570
631
14
80
81
134
272
317
441
491
512
578
579
632
703
770
823
961
45
75
82
135
162
326
442
474
580
633
660
734
764
824
940
1
20
61
119
136
177
252
308
327
368
426
443
484
499
518
559
617
634
675
690
709
750
806
825
866
941
982
997
32
54
73
107
137
148
160
189
223
245
253
264
328
334
339
351
380
414
436
444
455
525
530
552
571
605
635
646
687
721
743
762
826
837
849
878
912
934
942
953
138
173
364
636
862
363
637
24
140
215
256
331
406
447
522
597
638
713
829
904
945
39
85
88
141
171
259
279
448
478
537
583
586
639
669
728
774
777
830
948
968
976
86
142
150
277
314
333
449
640
735
775
812
831
839
856
947
21
114
129
143
182
212
305
320
373
403
467
489
511
612
641
680
710
803
818
871
901
28
35
44
69
76
95
103
110
144
151
185
218
219
226
235
260
267
286
294
301
335
342
376
409
410
417
451
458
477
485
492
526
533
567
574
593
600
601
608
642
649
668
676
683
717
724
733
758
765
784
792
799
833
840
874
907
908
915
949
956
975
983
990
145
166
357
452
548
643
855
146
547
644
147
645
938
27
32
54
62
73
137
148
223
245
253
264
334
339
351
361
380
414
444
455
525
530
552
560
571
635
646
721
743
751
762
837
849
878
912
934
942
953
149
225
355
434
456
546
625
647
740
810
838
932
26
46
167
217
408
468
505
524
544
648
715
906
966
28
35
44
69
76
95
103
110
144
151
170
178
185
218
219
226
235
260
267
286
294
301
335
342
376
409
410
417
451
458
477
485
492
526
533
542
567
574
593
600
601
608
642
649
668
676
683
717
724
733
758
765
784
792
799
833
840
867
874
907
908
915
949
956
975
983
990
2
77
118
152
193
268
309
343
384
425
459
500
534
575
616
650
691
766
807
841
882
923
957
998
153
460
465
651
656
842
154
208
652
47
100
201
238
246
291
375
429
437
598
653
736
789
890
927
935
980
18
126
156
205
300
325
387
396
463
516
654
707
815
845
894
989
0
87
94
120
157
191
285
476
585
592
618
655
689
776
783
846
880
974
158
269
460
651
656
958
111
159
275
350
418
466
609
657
800
848
916
964
21
107
129
143
160
189
212
298
305
328
436
489
496
519
605
627
658
680
687
710
796
803
818
826
832
878
934
987
994
7
101
161
292
408
457
544
599
659
665
696
790
906
981
45
75
82
135
326
442
474
580
633
660
734
764
771
824
25
68
163
332
346
362
392
470
523
553
661
714
757
852
860
190
359
381
416
503
550
662
688
879
931
165
528
663
145
166
336
473
664
834
855
7
101
161
198
292
457
483
599
659
665
674
696
790
850
981
5
115
168
306
433
471
475
497
607
666
694
804
857
969
995
0
87
120
157
169
311
348
360
394
476
498
585
667
689
781
809
846
858
974
996
27
28
35
44
62
69
103
110
144
151
170
178
185
218
219
226
260
286
294
301
335
342
361
369
376
409
410
417
451
458
477
485
492
526
533
542
560
567
601
608
642
649
668
676
683
716
717
724
733
758
792
799
833
840
859
867
874
907
908
915
949
956
975
983
990
39
85
88
141
171
259
279
332
470
478
537
583
586
639
669
728
757
777
830
860
968
330
670
828
138
173
329
671
827
174
488
672
679
986
10
122
130
175
184
313
462
482
620
628
673
699
811
864
873
960
161
176
198
292
352
353
367
457
483
665
674
850
865
887
955
981
1
20
61
136
177
192
211
252
293
308
327
368
426
443
484
499
518
559
617
634
675
690
709
750
791
825
866
881
900
941
982
997
27
28
35
44
62
69
103
110
144
151
170
178
185
218
219
226
260
286
294
301
335
342
361
369
376
409
410
417
451
458
477
485
492
526
533
542
560
567
601
608
642
649
668
676
683
716
717
724
733
758
792
799
833
840
859
867
874
907
908
915
949
975
983
990
132
179
323
486
630
677
821
868
322
678
181
481
488
672
679
870
21
114
129
143
182
212
298
305
320
373
403
467
489
496
519
612
627
641
658
680
710
803
818
871
901
987
994
183
202
374
393
428
430
490
681
700
872
891
988
6
59
197
271
321
366
504
508
557
682
695
748
819
886
960
28
35
44
69
76
95
103
110
144
151
170
178
185
218
219
226
260
267
286
294
301
335
342
376
409
410
417
451
458
477
485
492
526
533
542
567
601
608
642
649
668
676
683
716
717
724
733
758
765
784
792
799
833
840
867
874
907
908
915
949
956
975
983
990
9
186
200
391
493
507
684
698
875
889
187
315
685
813
133
188
686
21
107
137
143
160
189
223
245
298
328
334
380
414
436
489
496
519
571
605
627
635
658
687
721
796
826
832
849
878
912
934
987
994
168
190
359
416
471
497
503
662
688
857
879
931
0
87
120
157
169
191
285
348
476
498
585
618
655
667
689
776
781
783
809
846
858
974
1
20
61
102
136
177
192
211
252
293
327
368
383
402
426
443
484
499
518
559
617
634
675
690
709
750
791
825
866
881
900
924
941
982
997
2
77
118
152
193
268
309
343
384
459
500
575
616
650
691
766
807
841
882
957
998
3
42
194
233
424
501
692
731
883
922
4
195
590
693
5
115
280
284
306
422
475
607
613
666
694
804
969
973
6
59
197
250
271
321
366
504
508
557
682
695
748
769
819
886
7
101
161
292
457
483
599
659
665
696
790
850
981
8
112
199
303
610
697
801
9
186
200
391
507
684
698
875
889
10
122
291
375
429
437
462
482
620
628
673
699
789
873
927
980
11
108
202
299
428
430
490
532
681
700
797
928
988
12
41
53
92
116
128
203
232
244
307
311
319
360
423
435
502
510
539
551
614
626
701
730
742
805
817
892
921
933
996
13
66
96
204
230
257
276
287
373
403
421
450
511
564
594
612
702
755
785
893
919
946
965
14
81
134
205
272
317
325
463
491
578
579
632
703
770
823
961
15
296
704
985
16
104
207
514
602
705
793
896
345
706
843
18
126
156
209
300
347
387
396
516
654
707
845
894
898
19
210
236
273
382
401
427
469
517
573
708
771
899
925
962
967
972
1
20
102
136
177
192
211
235
293
327
368
383
402
426
443
484
499
518
559
574
593
600
634
675
690
709
791
825
866
881
900
924
982
21
114
129
143
182
212
298
305
320
467
489
496
519
627
641
658
680
710
796
803
818
832
871
901
987
994
22
98
213
289
711
787
23
97
288
712
786
24
140
215
331
406
447
522
638
713
829
904
945
25
55
68
163
216
346
354
362
392
523
553
566
661
714
844
852
905
26
46
167
217
408
468
505
524
544
648
715
906
966
27
35
44
62
103
110
151
170
178
218
226
253
294
301
342
361
369
417
477
485
492
533
542
560
608
668
676
683
716
724
751
792
799
840
859
867
907
915
983
990
28
35
44
69
76
95
103
110
144
151
185
218
219
226
235
260
267
286
294
301
335
342
376
409
410
417
451
458
477
485
492
526
533
567
574
593
600
601
608
642
649
668
676
683
717
724
733
758
765
784
792
799
833
840
874
907
908
915
949
956
975
983
990
29
91
220
282
589
718
780
909
30
281
472
719
970
31
58
222
556
720
32
54
73
137
148
160
189
223
245
253
264
328
334
339
351
380
414
436
444
455
525
530
552
571
605
635
646
687
721
743
762
826
837
849
878
912
934
942
953
33
34
48
51
127
224
318
531
619
722
723
737
816
913
33
48
51
121
127
340
531
546
625
722
723
816
838
28
35
44
69
103
110
144
151
170
178
185
218
219
226
260
267
286
294
301
335
342
369
376
409
410
417
451
458
477
485
492
526
533
542
567
601
608
642
649
668
676
683
716
717
724
733
758
784
792
799
833
840
859
867
874
907
908
915
949
956
975
983
990
36
43
227
234
343
350
418
425
534
541
616
725
732
848
916
923
37
83
228
535
581
726
772
917
38
229
515
727
39
85
88
141
230
257
259
287
395
448
478
586
639
669
728
774
777
946
948
976
40
89
93
109
196
231
400
538
587
591
624
729
778
782
798
885
920
12
41
53
92
116
128
203
232
244
307
311
319
360
423
435
502
510
539
551
614
626
701
730
742
805
817
892
921
933
996
3
42
194
233
385
540
692
731
883
922
36
43
227
234
343
350
418
425
534
541
616
725
732
841
916
923
28
35
44
69
76
95
103
110
144
151
185
218
219
226
235
260
267
286
294
301
335
342
376
409
410
417
451
458
477
485
492
526
533
567
574
593
600
601
608
642
649
668
676
683
717
724
733
758
765
784
792
799
833
840
874
907
908
915
949
956
975
983
990
45
75
82
135
236
326
442
474
580
633
660
734
764
771
824
46
86
142
150
277
314
333
449
640
735
775
812
831
839
856
966
47
100
155
201
238
246
375
407
545
598
653
736
744
789
890
927
935
33
34
48
51
127
224
318
415
531
619
722
737
816
913
49
240
453
738
951
50
241
261
452
548
739
930
950
121
149
225
340
434
456
546
625
647
740
810
838
52
74
164
242
243
265
312
381
550
572
741
763
853
914
954
12
41
53
92
116
128
203
232
244
307
311
319
360
423
435
502
510
539
551
614
626
701
730
742
805
817
892
921
933
996
32
54
73
137
148
160
189
223
245
253
264
334
339
351
380
414
444
455
525
530
552
571
605
635
646
721
743
751
762
826
837
849
878
912
934
942
953
47
55
155
201
216
246
354
407
545
566
598
736
744
844
890
905
56
255
745
944
57
63
248
254
746
752
943
31
58
338
529
747
6
59
197
250
271
321
388
508
512
557
682
695
748
769
886
939
60
162
251
266
367
389
442
543
558
749
851
940
955
1
20
61
117
119
136
177
252
308
327
368
426
443
484
499
518
559
617
634
675
690
750
806
808
825
866
941
997
27
32
54
62
73
148
170
178
253
264
339
351
361
369
444
455
525
530
542
552
560
646
716
743
751
762
837
859
867
942
953
57
63
248
254
746
752
937
64
247
753
936
65
99
256
290
406
447
563
597
754
788
945
13
66
96
204
230
257
276
287
395
421
450
511
564
594
702
755
785
893
919
946
965
976
67
123
237
258
341
358
393
449
565
584
621
756
812
839
926
947
68
141
171
279
332
362
470
523
537
583
661
669
757
777
830
860
968
28
35
44
69
76
95
103
110
144
151
185
218
219
226
235
260
267
286
294
301
335
342
376
409
410
417
451
458
477
485
492
526
533
567
574
593
600
601
608
642
649
668
676
683
717
724
733
758
765
784
792
799
833
840
874
907
908
915
949
956
975
983
990
70
241
261
432
568
623
759
930
950
71
240
262
431
760
929
72
263
761
32
54
62
73
137
148
160
189
223
245
253
264
334
339
351
380
414
444
455
525
530
552
571
635
646
721
743
751
762
826
837
849
878
912
934
942
953
52
74
164
242
243
265
312
355
572
741
763
853
914
932
954
45
75
135
162
251
442
474
543
580
633
660
734
764
824
940
28
35
44
69
76
95
102
103
110
144
151
185
219
235
260
267
286
294
301
335
342
376
383
402
409
410
451
458
477
492
526
533
567
574
593
600
601
608
642
649
683
717
733
758
765
784
791
792
799
833
840
874
881
900
907
908
924
949
956
975
983
990
2
77
118
152
193
268
309
343
384
459
500
575
616
650
691
766
807
841
882
957
998
78
158
269
349
576
767
847
958
79
270
399
768
59
80
197
250
321
388
441
512
579
695
748
769
886
939
14
80
81
134
272
317
441
491
578
579
632
703
770
823
961
19
75
82
135
236
273
326
469
517
573
660
708
734
771
824
925
972
37
83
274
344
535
726
772
84
111
275
302
391
466
493
582
773
800
964
991
39
85
88
204
230
257
259
287
395
448
478
586
639
728
774
777
785
893
919
946
948
976
86
142
150
277
314
333
449
640
735
775
812
831
839
856
947
87
94
120
157
191
278
283
285
464
476
592
618
655
689
776
783
880
974
39
85
88
141
171
259
279
332
448
478
537
583
586
639
669
728
757
774
777
830
860
948
968
89
93
109
196
231
280
284
422
591
613
624
729
778
782
920
973
90
221
281
412
779
910
29
91
220
282
527
589
718
780
971
0
120
157
169
203
307
311
348
360
394
476
498
539
551
585
667
689
781
809
846
858
892
996
89
93
109
196
231
280
284
422
591
624
729
778
782
920
973
87
94
120
157
191
278
283
285
464
476
592
618
655
689
776
783
880
974
28
35
44
69
76
95
102
103
110
144
151
185
219
226
235
260
267
286
294
301
335
342
376
383
402
409
410
417
451
458
477
492
526
533
567
574
593
600
601
608
642
649
683
717
724
733
758
765
784
791
792
799
833
840
874
907
908
915
924
949
956
975
983
990
13
66
96
204
230
257
276
287
395
421
448
450
564
594
702
755
774
785
893
919
946
948
965
976
23
97
214
288
712
786
22
98
213
289
711
787
65
99
256
290
563
597
754
788
945
979
47
100
201
238
246
291
375
429
437
598
653
699
736
789
927
935
980
7
101
161
292
408
457
483
544
599
659
665
696
790
850
981
1
20
76
95
102
192
211
235
293
327
383
402
426
484
518
574
593
600
675
690
709
765
784
791
881
900
924
982
28
35
44
69
76
95
103
110
144
151
170
178
185
218
219
226
260
267
286
294
301
335
342
369
376
409
410
417
451
458
477
485
492
526
533
542
567
601
608
642
649
668
676
683
716
717
724
733
758
765
784
792
799
833
840
859
867
874
907
908
915
949
956
975
983
990
16
104
295
514
602
705
793
984
105
206
794
895
106
174
297
365
604
795
863
986
21
107
129
137
143
160
189
245
298
305
328
334
380
414
436
489
496
519
605
627
658
687
710
796
826
832
849
878
912
934
987
994
11
108
299
428
430
490
509
532
549
606
700
797
928
988
40
89
93
109
196
209
231
400
538
587
591
624
729
798
885
898
28
35
44
69
95
103
110
144
151
170
178
185
218
219
226
260
267
286
294
301
335
342
369
376
409
410
417
451
458
477
485
492
526
533
542
567
601
608
642
649
668
676
683
716
717
724
733
758
765
784
792
799
833
840
859
867
874
907
908
915
949
956
975
983
990
84
111
275
302
466
582
609
657
773
800
964
991
8
112
199
303
610
697
801
992
113
304
324
802
21
114
129
143
182
212
298
305
320
373
403
467
489
496
511
519
612
627
641
658
680
710
803
818
871
901
987
994
5
115
168
280
306
433
471
475
607
613
666
694
804
969
973
995
12
41
53
92
116
128
203
232
244
307
311
319
360
423
435
502
510
539
551
614
626
701
730
742
805
817
892
921
933
996
61
117
119
136
177
252
308
310
368
443
499
559
615
617
634
750
806
808
825
866
941
997
2
77
118
152
193
234
268
309
343
384
425
459
500
534
575
616
650
691
766
807
841
882
923
957
998
61
117
119
252
308
310
443
559
615
617
750
806
808
941
997
0
120
157
169
311
348
360
394
476
498
585
667
689
781
809
846
858
892
974
996
121
149
225
340
434
456
546
625
647
740
810
838
10
122
130
175
184
313
366
462
482
620
628
673
811
819
864
873
960
86
123
142
150
237
258
449
584
640
735
756
775
812
839
856
947
124
187
315
685
813
876
70
125
316
377
507
568
623
814
18
126
134
156
205
272
300
325
463
516
578
654
815
823
894
961
989
33
34
48
51
121
127
224
318
340
531
619
722
723
737
816
4
12
41
53
92
116
128
232
244
319
423
435
502
510
614
626
701
730
742
805
817
921
933
21
114
129
143
182
212
298
305
320
373
403
467
489
496
519
612
627
641
658
680
710
803
818
832
871
901
987
994
6
59
130
175
184
271
313
321
366
504
508
557
682
695
811
819
864
960
131
180
820
869
132
179
323
486
677
821
495
822
993
14
81
134
205
272
325
463
491
578
632
703
770
815
823
894
961
989
45
75
82
135
236
326
474
517
573
580
633
660
734
764
771
824
1
20
61
119
136
177
192
211
252
293
308
327
368
426
443
484
499
518
559
617
634
675
690
709
750
806
825
866
941
982
997
32
54
73
107
137
160
189
223
245
264
298
328
334
339
380
414
436
444
455
496
519
530
571
605
635
658
687
721
743
762
796
826
832
849
878
912
934
953
138
173
329
671
827
862
139
172
670
828
861
24
140
215
331
406
447
522
597
638
713
829
904
945
39
85
88
141
171
259
279
332
470
537
583
639
669
757
777
830
860
968
46
86
142
150
277
314
333
524
640
735
775
831
856
966
21
107
129
137
143
160
189
298
305
328
334
414
436
489
496
519
605
627
658
687
710
796
818
826
832
878
934
987
994
28
35
44
69
76
95
102
103
110
144
151
185
218
219
226
235
260
267
286
294
301
335
342
376
409
410
417
451
458
477
485
492
526
533
567
574
593
600
601
608
642
649
668
676
683
717
724
733
758
765
784
792
799
833
840
874
907
908
915
949
956
975
983
990
145
166
336
357
664
834
855
146
356
835
854
147
249
338
836
938
27
32
54
62
73
137
148
223
245
253
264
334
339
351
361
380
414
444
455
525
530
552
560
571
635
646
721
743
751
762
837
849
878
912
934
942
953
51
121
127
149
340
434
546
625
647
723
740
810
838
86
123
142
150
237
258
449
584
640
735
756
775
812
839
856
947
28
35
44
69
76
95
103
110
144
151
170
178
185
218
219
226
260
267
286
294
301
335
342
369
376
409
410
417
451
458
477
485
492
526
533
542
567
601
608
642
649
668
676
683
716
717
724
733
758
765
784
792
799
833
840
859
867
874
907
908
915
949
956
975
983
990
2
36
77
118
152
193
234
268
309
343
384
425
459
500
534
575
616
650
691
732
766
807
841
882
923
957
998
153
274
344
465
651
842
963
154
345
706
843
25
47
55
155
163
216
346
354
392
407
545
553
566
714
744
844
852
890
905
18
126
156
209
300
347
387
396
516
654
707
845
894
898
0
87
120
157
169
285
348
360
394
476
498
585
655
667
689
781
809
846
858
974
78
158
269
349
460
767
847
958
43
111
159
227
350
418
466
541
609
657
725
848
916
32
54
73
107
137
148
160
189
223
245
253
264
328
334
339
351
380
414
436
444
455
525
530
552
571
605
635
646
687
721
743
762
796
826
837
849
878
912
934
942
953
161
176
198
292
352
353
457
483
665
674
696
790
850
865
887
981
60
162
251
266
352
367
389
543
558
749
851
865
887
940
955
25
55
68
163
216
346
354
362
392
523
553
566
661
714
844
852
905
52
74
164
242
243
265
312
572
741
763
853
914
954
165
337
356
835
854
145
166
357
643
664
834
855
46
86
142
150
277
314
333
449
640
735
775
812
831
839
856
966
5
168
190
306
359
433
471
497
503
666
688
857
995
0
120
157
169
203
307
311
348
360
394
498
539
551
585
667
689
781
809
846
858
892
996
27
35
44
62
110
170
178
218
226
253
294
301
342
351
361
369
417
477
485
492
525
533
542
552
560
608
668
676
716
724
751
792
799
840
859
867
907
915
942
983
990
68
141
171
279
332
362
470
523
537
583
661
669
757
777
830
860
968
139
172
828
861
138
173
364
636
827
862
106
174
297
795
863
986
10
122
130
175
184
271
313
366
462
504
508
628
673
811
819
864
960
176
198
352
353
367
483
558
674
850
851
865
887
955
1
20
61
119
136
177
192
211
252
293
308
327
368
426
443
484
499
518
559
617
634
675
690
709
750
806
825
866
941
982
997
27
35
44
62
103
110
151
170
178
185
218
226
294
301
342
361
369
376
410
417
477
485
492
533
542
560
601
608
649
668
676
683
716
724
751
792
799
840
859
867
874
907
915
983
990
132
179
370
630
677
868
131
180
820
869
181
290
372
481
679
870
979
13
21
114
129
182
212
305
320
373
403
467
489
511
564
594
612
641
680
710
803
818
871
901
965
183
202
341
358
374
393
565
621
681
872
891
926
10
122
175
184
291
429
437
462
482
620
628
673
699
811
873
980
28
35
44
69
76
95
103
110
144
151
170
178
185
218
219
226
235
260
267
286
294
301
335
342
376
409
410
417
451
458
477
485
492
526
533
542
567
574
593
600
601
608
642
649
668
676
683
717
724
733
758
765
784
792
799
833
840
867
874
907
908
915
949
956
975
983
990
9
186
200
316
377
507
684
698
875
889
124
187
378
813
876
133
188
379
877
32
54
73
107
137
148
160
189
223
245
264
298
328
334
339
380
414
436
444
455
496
519
530
571
605
635
646
658
687
721
743
762
796
826
832
837
849
878
912
934
953
164
190
359
381
416
503
550
662
688
879
931
87
94
191
278
283
285
382
401
464
592
618
655
776
783
880
967
974
1
20
76
95
102
192
211
235
293
327
383
402
426
484
499
518
574
593
600
675
690
709
765
791
881
900
924
982
2
77
118
152
193
268
309
343
384
459
500
575
616
650
691
766
807
841
882
957
998
42
194
233
385
540
692
731
883
195
386
590
884
40
89
93
109
196
231
400
538
587
591
624
729
798
885
898
6
59
80
197
250
321
388
441
512
557
682
695
748
769
886
939
60
176
198
266
352
353
367
389
483
558
674
850
851
865
887
955
112
199
390
419
610
888
9
186
200
391
493
582
684
698
875
889
47
55
100
155
201
216
238
246
354
407
545
566
598
653
736
744
844
890
905
935
183
202
341
374
393
428
430
490
621
681
872
891
926
12
41
53
92
116
169
203
232
244
307
311
348
360
394
498
510
539
551
614
701
730
742
781
805
809
858
892
933
996
13
66
96
204
230
257
276
287
395
421
448
450
564
594
702
755
774
785
893
919
946
948
965
976
18
126
156
205
300
325
387
396
463
516
654
707
815
823
845
894
961
989
105
206
397
794
895
207
398
411
602
705
896
909
270
461
897
959
18
40
126
156
209
300
347
387
396
400
538
587
707
798
845
885
898
19
210
273
278
283
382
401
427
464
469
592
708
899
925
962
967
972
1
20
76
95
102
192
211
235
293
327
383
402
426
484
499
518
574
593
600
675
690
709
765
791
881
900
924
982
21
114
129
143
182
212
305
320
373
403
467
489
511
612
641
680
710
803
818
871
901
994
98
213
404
596
902
97
214
405
595
903
24
140
215
256
331
406
447
522
597
638
713
829
904
945
25
47
55
155
163
216
354
392
407
545
553
566
714
744
844
852
890
905
7
26
167
217
408
468
505
544
599
648
659
715
906
28
35
44
69
76
95
103
110
144
151
170
178
185
218
219
226
260
267
286
294
301
335
342
369
376
409
410
417
451
458
477
485
492
526
533
542
567
601
608
642
649
668
676
683
716
717
724
733
758
765
784
792
799
833
840
859
867
874
907
908
915
949
956
975
983
990
28
35
44
69
76
95
103
110
144
151
178
185
218
219
226
235
260
267
286
294
301
335
342
376
409
410
417
451
458
477
485
492
526
533
567
574
593
600
601
608
642
649
668
676
683
717
724
733
758
765
784
792
799
833
840
874
907
908
915
949
956
975
983
990
91
220
398
411
589
718
896
909
90
221
281
779
910
222
413
556
911
32
54
73
107
137
148
160
189
223
245
264
328
334
339
351
380
414
436
444
455
525
530
552
571
605
635
646
687
721
743
762
796
826
837
849
878
912
934
942
953
33
34
224
239
318
415
509
549
619
722
737
913
52
74
225
242
243
265
312
355
456
572
741
763
853
914
932
954
28
35
44
69
103
110
144
151
170
178
185
218
219
226
260
267
286
294
301
335
342
369
376
409
410
417
451
458
477
485
492
526
533
542
567
601
608
642
649
668
676
683
716
717
724
733
758
784
792
799
833
840
859
867
874
907
908
915
949
956
975
983
990
36
43
159
227
234
350
418
534
541
609
657
725
732
848
916
923
228
390
419
581
726
917
229
420
515
918
13
66
96
204
230
257
276
287
395
421
448
450
564
594
702
755
774
785
893
919
946
948
965
976
40
89
93
109
196
231
284
422
591
624
729
778
782
920
973
12
41
53
92
116
128
203
232
244
307
319
423
435
502
510
539
551
614
626
701
730
742
805
817
921
933
3
194
233
424
501
692
731
922
36
43
118
152
227
234
309
343
425
534
541
616
650
725
732
807
841
916
923
998
1
20
76
95
102
192
211
235
267
293
383
402
426
484
518
574
593
600
690
709
765
784
791
881
900
924
956
982
19
210
236
273
326
427
469
517
573
708
771
899
925
962
972
67
183
237
341
358
374
393
565
621
756
872
891
926
47
100
201
238
246
291
375
429
437
482
598
653
699
736
789
927
935
980
11
108
239
299
415
509
532
549
606
700
797
928
988
71
240
262
431
760
929
951
50
70
241
261
432
739
759
930
950
52
164
190
359
381
416
503
550
572
662
688
879
931
225
242
243
265
312
355
434
456
647
763
914
932
954
12
41
53
92
116
128
203
232
244
307
311
319
423
435
502
510
539
551
614
626
701
730
742
805
817
892
921
933
996
32
54
73
107
137
148
160
189
223
245
264
298
328
334
339
380
414
436
444
455
496
519
530
571
605
635
646
658
687
721
743
762
796
826
832
837
849
878
912
934
953
47
100
155
201
238
246
291
375
429
437
598
653
736
789
890
927
935
980
64
247
753
936
63
248
439
561
752
937
147
249
645
836
938
59
80
197
250
317
388
441
512
579
748
769
886
939
45
60
162
251
266
389
442
474
543
558
580
633
749
764
851
940
1
20
61
117
119
136
177
252
308
327
368
426
443
484
499
518
559
617
634
675
690
750
806
808
825
866
941
997
27
32
54
62
73
148
223
245
253
264
339
351
361
380
444
455
525
530
552
560
571
635
646
721
743
751
762
837
849
859
912
942
953
57
254
445
555
746
943
56
255
745
944
65
99
140
215
256
406
447
597
638
713
754
788
829
904
945
66
85
96
204
230
257
276
287
395
421
448
450
478
586
702
728
755
774
785
893
919
946
948
976
67
86
123
237
258
449
584
640
756
775
812
839
947
39
85
88
204
230
257
259
287
395
448
478
586
639
728
774
777
785
893
919
946
948
976
28
35
44
69
76
95
103
110
144
151
185
218
219
226
235
260
267
286
294
301
335
342
376
409
410
417
451
458
477
485
492
526
533
567
574
593
600
601
608
642
649
668
676
683
717
724
733
758
765
784
792
799
833
840
874
907
908
915
949
956
975
983
990
50
241
261
432
452
739
759
930
950
240
262
453
738
929
951
263
440
454
952
32
54
62
73
137
148
160
189
223
245
253
264
334
339
351
361
380
414
444
455
525
530
552
571
635
646
721
743
751
762
826
837
849
878
912
934
942
953
74
225
242
243
265
312
355
434
456
741
763
853
914
932
954
60
176
198
266
352
353
367
389
558
674
749
851
865
887
955
28
35
44
69
76
95
102
103
110
144
151
185
218
219
226
235
260
267
286
294
301
335
342
376
383
409
410
417
451
458
477
485
492
526
533
567
574
593
600
601
608
642
649
668
683
717
724
733
758
765
784
792
799
833
840
874
907
908
915
924
949
956
975
983
990
2
77
118
152
193
268
309
343
384
425
459
500
575
616
650
691
766
807
841
882
957
998
78
158
269
349
460
656
767
847
958
270
461
897
959
6
122
130
175
184
271
313
366
504
508
557
628
673
682
811
819
864
960
14
81
134
205
272
325
463
491
578
632
703
770
815
823
894
961
989
19
210
273
278
283
382
401
427
464
469
708
899
925
962
967
972
153
274
344
465
842
963
84
111
159
275
302
466
582
609
657
773
800
964
991
13
66
96
204
257
276
373
403
421
450
467
511
564
594
612
702
755
785
871
893
919
965
26
46
142
150
167
277
314
333
468
524
648
715
735
831
856
966
19
210
273
278
283
382
401
427
464
469
592
708
880
899
962
967
972
39
68
88
141
171
259
279
332
362
470
537
583
639
669
757
777
830
860
968
5
115
280
306
433
471
475
607
613
666
694
804
969
973
995
221
281
472
719
970
29
282
336
473
527
780
971
19
210
236
273
382
401
427
469
517
573
708
771
899
925
962
967
972
115
280
284
422
475
607
613
694
778
782
804
920
969
973
0
87
94
120
157
191
285
476
585
618
655
667
689
776
783
809
846
880
974
28
35
44
69
76
95
103
110
144
151
178
185
218
219
226
235
260
267
286
294
301
335
342
376
409
410
417
451
458
477
485
492
526
533
567
574
593
600
601
608
642
649
668
676
683
717
724
733
758
765
784
792
799
833
840
874
907
908
915
949
956
975
983
990
39
85
88
96
204
230
257
259
276
287
395
448
450
478
586
639
728
755
774
785
893
919
946
948
976
23
288
479
521
977
22
289
480
520
978
65
181
290
372
481
563
788
870
979
10
100
238
291
375
429
437
462
482
620
628
653
699
789
873
927
935
980
7
101
161
198
292
353
457
483
599
659
665
674
696
790
850
981
1
20
102
136
177
192
211
235
293
327
368
383
402
426
443
484
499
518
559
574
593
600
634
675
690
709
791
825
866
881
900
924
982
28
35
44
69
103
110
144
151
170
178
185
218
219
226
260
267
286
294
301
335
342
369
376
409
410
417
451
458
477
485
492
526
533
542
567
601
608
642
649
668
676
683
716
717
724
733
758
765
784
792
799
833
840
859
867
874
907
908
915
949
956
975
983
990
295
323
486
514
793
984
15
296
704
985
174
297
488
672
795
863
986
21
107
129
143
160
189
212
298
305
328
436
489
496
519
605
627
658
680
687
710
796
803
818
832
987
994
11
108
202
299
428
430
490
532
681
700
797
928
988
18
126
134
156
205
272
300
325
463
516
578
654
815
823
894
961
989
28
35
44
69
76
95
103
110
144
151
170
178
185
218
219
226
260
267
286
294
301
335
342
369
376
409
410
417
451
458
477
485
492
526
533
542
567
601
608
642
649
668
676
683
716
717
724
733
758
765
784
792
799
833
840
859
867
874
907
908
915
949
956
975
983
990
84
111
275
302
391
466
493
582
773
800
964
991
8
303
494
506
801
992
304
495
822
993
21
107
114
129
143
182
212
298
305
320
328
436
489
496
519
605
627
658
680
687
710
796
803
818
832
901
987
994
5
115
168
306
433
471
497
607
666
804
857
969
995
12
41
53
92
116
169
203
232
244
307
311
348
360
394
498
539
551
614
667
701
730
742
781
805
809
858
892
933
996
1
20
61
117
119
136
177
252
308
327
368
426
443
484
499
518
559
617
634
675
690
750
806
808
825
866
941
997
2
77
118
152
193
268
309
343
384
425
459
500
534
575
616
650
691
766
807
841
882
923
957
998
