0.652831
0.635397
0.605897
0.634338
0.653853
0.64425
0.641355
0.649804
0.630737
0.607772
0.640801
0.647347
0.653398
0.638074
0.642063
0.623493
0.611418
0.65747
0.64279
0.651774
0.635461
0.637488
0.615666
0.617732
0.666585
0.639486
0.649326
0.636497
0.636001
0.61034
0.626101
0.663498
0.636889
0.646567
0.646653
0.636187
0.606348
0.631992
0.657809
0.638793
0.643337
0.653352
0.634011
0.60641
0.636126
0.651166
0.649149
0.640045
0.646477
0.628029
0.609004
0.646362
0.645189
0.653328
0.636822
0.639791
0.620252
0.613576
0.663448
0.641473
0.650746
0.63518
0.636564
0.613222
0.621094
0.666055
0.638179
0.648289
0.639303
0.636028
0.608455
0.628905
0.661364
0.636876
0.645307
0.651305
0.635851
0.605859
0.633523
0.655287
0.641876
0.642056
0.651444
0.632034
0.607224
0.638721
0.64866
0.65257
0.638781
0.643531
0.625189
0.610446
0.653361
0.643573
0.652394
0.63586
0.638203
0.617274
0.616048
0.666126
0.640242
0.649875
0.63568
0.636114
0.611399
0.624271
0.664612
0.637234
0.647256
0.643567
0.636167
0.606975
0.630952
0.659221
0.637717
0.644098
0.653395
0.634918
0.606049
0.635002
0.652753
0.646259
0.640819
0.648444
0.629666
0.608245
0.642811
0.646404
0.653565
0.637539
0.641045
0.622154
0.612259
0.660316
0.642229
0.65132
0.635261
0.637039
0.614552
0.619122
0.666534
0.638912
0.648891
0.637464
0.635983
0.609525
0.627382
0.662599
0.636782
0.646029
0.648874
0.636113
0.606045
0.63268
0.656734
0.639923
0.642779
0.652754
0.633216
0.606738
0.637112
0.650054
0.65092
0.639494
0.645145
0.626819
0.609596
0.649271
0.64444
0.652971
0.63637
0.639044
0.618945
0.614583
0.664939
0.640951
0.650374
0.635284
0.636328
0.612415
0.622457
0.665522
0.637733
0.647864
0.640927
0.636087
0.607775
0.629827
0.660486
0.637112
0.644806
0.652499
0.635543
0.605867
0.634109
0.654252
0.643553
0.641549
0.650281
0.63111
0.607612
0.640164
0.647705
0.653244
0.638271
0.642458
0.623973
0.611133
0.656348
0.643003
0.651946
0.635558
0.637674
0.616102
0.617241
0.666523
0.639699
0.649484
0.636219
0.636022
0.61064
0.6256
0.663822
0.636964
0.646764
0.645783
0.636193
0.606498
0.631716
0.658209
0.638442
0.643549
0.653461
0.634286
0.606297
0.63579
0.651601
0.648381
0.640258
0.647011
0.628488
0.608787
0.645315
0.645504
0.653433
0.63701
0.64011
0.620767
0.613204
0.662713
0.641676
0.650895
0.635177
0.636675
0.613558
0.620561
0.666222
0.638368
0.648451
0.638749
0.636009
0.608734
0.62852
0.661698
0.636823
0.6455
0.65073
0.635941
0.605885
0.633301
0.655678
0.6413
0.642249
0.651841
0.632366
0.607087
0.638246
0.649028
0.652207
0.638973
0.643952
0.625635
0.610206
0.652238
0.643797
0.652557
0.635988
0.638418
0.617722
0.615631
0.665882
0.640439
0.650014
0.635538
0.636162
0.611676
0.623775
0.664882
0.637358
0.647429
0.642793
0.636148
0.607179
0.630654
0.65958
0.637512
0.644297
0.653238
0.635116
0.60598
0.634739
0.653176
0.645476
0.641025
0.648971
0.630085
0.608058
0.641993
0.646758
0.653542
0.637742
0.641423
0.622669
0.611928
0.659276
0.642441
0.651489
0.635325
0.6372
0.614962
0.618585
0.666588
0.639128
0.649057
0.637059
0.635984
0.609834
0.626911
0.662942
0.636805
0.646233
0.648065
0.636152
0.606142
0.632429
0.657139
0.639464
0.642987
0.653026
0.633525
0.60661
0.636724
0.650464
0.650305
0.639698
0.645631
0.627272
0.609371
0.64816
0.644708
0.653116
0.636532
0.63931
0.619427
0.6142
0.66445
0.641146
0.650512
0.635229
0.636408
0.612708
0.621951
0.665736
0.637893
0.648024
0.640288
0.636063
0.608021
0.629493
0.660817
0.637006
0.644994
0.652103
0.635672
0.605851
0.633886
0.654644
0.642893
0.641741
0.650738
0.631468
0.607461
0.639583
0.648063
0.653036
0.638465
0.642857
0.62444
0.610863
0.65522
0.643216
0.652117
0.635665
0.637868
0.616542
0.616774
0.666413
0.639908
0.649636
0.635984
0.636051
0.610932
0.625097
0.664133
0.637055
0.646956
0.644924
0.636189
0.606666
0.631433
0.658601
0.638135
0.64376
0.653498
0.634542
0.606193
0.635476
0.652039
0.647585
0.640471
0.647553
0.628941
0.608576
0.644317
0.645834
0.653512
0.637206
0.640449
0.62129
0.612838
0.661881
0.641883
0.651051
0.635193
0.636801
0.613916
0.62002
0.666365
0.638566
0.648616
0.638231
0.635995
0.609026
0.628111
0.662035
0.636791
0.645697
0.650085
0.636017
0.60593
0.633073
0.656072
0.640755
0.642446
0.652213
0.632691
0.606954
0.637799
0.649406
0.651779
0.639167
0.644387
0.62608
0.609972
0.651117
0.64403
0.652717
0.636125
0.638643
0.618176
0.615228
0.665581
0.640633
0.650151
0.635423
0.636218
0.611952
0.623279
0.665136
0.637492
0.647596
0.642058
0.636126
0.607395
0.630349
0.659929
0.637339
0.644492
0.653013
0.635293
0.605925
0.634492
0.653589
0.644722
0.641226
0.649482
0.630486
0.607881
0.641248
0.647115
0.653471
0.637944
0.641809
0.623173
0.611613
0.658191
0.642653
0.651661
0.635403
0.637372
0.615386
0.618062
0.666601
0.639345
0.649221
0.636703
0.635992
0.610142
0.626424
0.663281
0.636849
0.646436
0.647217
0.636177
0.60626
0.632167
0.657546
0.639044
0.643198
0.653244
0.633824
0.606487
0.636355
0.650886
0.649623
0.639907
0.646138
0.62773
0.609148
0.647063
0.644994
0.653249
0.636704
0.639594
0.619923
0.613821
0.663873
0.641343
0.650652
0.635193
0.636498
0.613014
0.621435
0.665935
0.638063
0.648184
0.63968
0.636041
0.60828
0.629143
0.661148
0.63692
0.645183
0.651641
0.635785
0.605851
0.633666
0.655034
0.642266
0.641932
0.651173
0.631814
0.607316
0.639048
0.648423
0.652773
0.638657
0.643262
0.624897
0.610606
0.654093
0.643431
0.652286
0.63578
0.638069
0.616984
0.616327
0.666255
0.640112
0.649782
0.635789
0.636087
0.611217
0.624596
0.664429
0.63716
0.64714
0.644091
0.636177
0.606849
0.631143
0.65898
0.637869
0.643966
0.65346
0.634777
0.606102
0.635183
0.652474
0.646779
0.640683
0.648095
0.629385
0.608372
0.643382
0.646176
0.653557
0.637407
0.640806
0.621815
0.612483
0.660958
0.642092
0.651212
0.635228
0.636941
0.614295
0.619475
0.666478
0.638773
0.648782
0.637752
0.635986
0.609326
0.627677
0.662376
0.636779
0.645897
0.649372
0.63608
0.605993
0.632838
0.656472
0.64024
0.642646
0.652553
0.633011
0.606822
0.637376
0.649795
0.651282
0.639364
0.64484
0.626526
0.609743
0.649997
0.644274
0.652873
0.63627
0.638881
0.618638
0.614835
0.665215
0.640826
0.650286
0.635332
0.636282
0.612231
0.622782
0.665374
0.637635
0.647759
0.641361
0.636102
0.607622
0.630036
0.660268
0.637193
0.644683
0.652722
0.63545
0.605885
0.634257
0.653993
0.644002
0.641423
0.649973
0.63087
0.607715
0.640571
0.647472
0.65335
0.638143
0.642201
0.623663
0.611316
0.657079
0.642865
0.651834
0.635493
0.637553
0.615818
0.617558
0.666568
0.639561
0.649382
0.636395
0.636008
0.610446
0.625926
0.663612
0.636913
0.646637
0.646348
0.63619
0.606398
0.631897
0.65795
0.638665
0.643411
0.653398
0.634109
0.606369
0.636006
0.651318
0.648885
0.640119
0.646663
0.628189
0.608928
0.645991
0.645297
0.653368
0.636887
0.6399
0.620431
0.613445
0.663202
0.641544
0.650798
0.635177
0.636601
0.613337
0.620909
0.666116
0.638244
0.648345
0.639105
0.636021
0.608551
0.628773
0.66148
0.636855
0.645374
0.651112
0.635884
0.605866
0.633446
0.655423
0.641671
0.642123
0.651585
0.632151
0.607176
0.638551
0.648788
0.65245
0.638848
0.643677
0.625345
0.610361
0.652968
0.643651
0.652451
0.635904
0.638277
0.61743
0.6159
0.666047
0.640311
0.649924
0.635627
0.63613
0.611496
0.624097
0.664708
0.637276
0.647317
0.643292
0.636161
0.607045
0.630849
0.659348
0.637641
0.644169
0.653348
0.63499
0.606023
0.634908
0.652902
0.645982
0.640892
0.64863
0.629815
0.608178
0.642516
0.646527
0.653562
0.63761
0.641176
0.622336
0.612141
0.659958
0.642303
0.651379
0.635281
0.637094
0.614694
0.618933
0.666557
0.638987
0.648949
0.637317
0.635982
0.609633
0.627219
0.662719
0.636788
0.6461
0.648597
0.636128
0.606077
0.632593
0.656875
0.639758
0.642852
0.652855
0.633325
0.606693
0.636974
0.650196
0.650713
0.639565
0.645313
0.626977
0.609517
0.648881
0.644532
0.653023
0.636425
0.639135
0.619112
0.614448
0.664777
0.641019
0.650422
0.635263
0.636355
0.612516
0.622281
0.665599
0.637788
0.64792
0.6407
0.636078
0.60786
0.629712
0.660602
0.637072
0.644872
0.652368
0.63559
0.60586
0.63403
0.65439
0.643318
0.641616
0.650443
0.631237
0.607558
0.639955
0.64783
0.653178
0.638339
0.642597
0.624138
0.611037
0.655954
0.643077
0.652006
0.635595
0.637741
0.616256
0.617075
0.66649
0.639773
0.649538
0.636132
0.636032
0.610743
0.625424
0.663932
0.636994
0.646832
0.64548
0.636192
0.606555
0.631618
0.658347
0.63833
0.643623
0.653483
0.634378
0.606259
0.635678
0.651754
0.648105
0.640333
0.6472
0.628647
0.608713
0.64496
0.645617
0.653464
0.637078
0.640226
0.62095
0.613075
0.662433
0.641748
0.650949
0.63518
0.636718
0.613681
0.620373
0.666275
0.638436
0.648508
0.638563
0.636004
0.608835
0.62838
0.661815
0.636809
0.645569
0.650513
0.635969
0.605899
0.633222
0.655815
0.641106
0.642318
0.651974
0.63248
0.60704
0.638087
0.649159
0.652065
0.63904
0.644102
0.625791
0.610123
0.651846
0.643878
0.652614
0.636035
0.638495
0.61788
0.615489
0.665783
0.640507
0.650062
0.635495
0.636181
0.611773
0.623601
0.664972
0.637404
0.647488
0.642532
0.63614
0.607253
0.630548
0.659703
0.637448
0.644366
0.653167
0.63518
