0
47
52
149
252
258
270
319
412
440
540
552
567
714
944
1
6
15
113
333
481
486
620
647
699
709
722
731
824
831
834
839
862
920
992
2
226
265
308
315
335
357
476
478
629
710
923
3
31
58
67
98
137
138
161
166
197
287
395
506
661
688
691
696
788
809
835
921
929
930
960
985
4
26
93
185
206
268
375
448
558
569
628
660
751
754
802
902
5
18
40
46
111
133
140
344
664
692
694
825
826
846
937
939
1
6
15
41
113
216
481
620
709
722
731
824
834
839
862
920
981
992
7
48
158
168
211
239
313
413
451
480
533
564
668
697
837
886
907
918
8
56
201
215
285
297
309
380
382
498
580
593
611
650
679
782
890
943
989
991
9
108
291
332
392
544
605
10
16
87
207
214
278
290
293
304
325
336
338
373
379
408
417
420
536
579
687
705
914
974
11
57
91
219
248
253
419
653
713
719
723
822
830
870
947
12
25
237
324
356
364
428
489
512
601
610
639
906
911
940
980
13
122
327
337
436
501
560
741
783
800
811
823
875
892
951
14
34
187
223
288
366
405
549
566
638
651
657
750
772
864
954
1
6
15
41
54
89
113
216
481
620
709
722
731
824
834
839
920
981
992
10
16
87
207
214
278
290
293
304
325
336
338
373
379
408
417
420
536
579
615
687
705
914
974
17
26
156
174
203
217
245
428
469
601
660
833
906
5
18
46
111
133
140
344
664
692
694
826
846
19
182
271
343
401
403
805
856
20
27
109
120
128
132
189
229
256
350
351
360
532
747
767
787
798
820
889
894
21
303
393
522
643
755
896
22
75
155
204
225
257
437
530
539
618
622
690
23
164
185
268
470
558
658
754
900
902
24
194
528
12
25
51
237
324
356
364
489
512
601
610
639
681
906
911
940
942
980
4
17
26
93
156
174
203
206
217
245
375
448
469
569
628
660
751
802
833
20
27
109
120
128
132
189
229
256
350
351
360
532
747
767
787
798
820
889
894
28
30
68
353
444
455
556
562
574
666
757
867
909
979
29
50
159
372
523
525
706
748
869
876
928
950
986
28
30
444
455
556
666
867
909
3
31
67
137
138
161
192
197
264
287
395
509
586
619
661
688
696
707
818
921
929
930
960
32
45
97
118
129
230
247
296
298
300
305
359
399
461
471
497
500
511
575
606
632
655
718
727
728
743
745
877
895
899
33
35
114
488
630
881
14
34
96
187
288
366
378
549
651
657
750
772
864
954
33
35
84
266
36
72
81
100
127
274
345
386
409
472
547
571
607
646
704
784
860
945
949
37
92
157
175
179
198
241
505
576
616
663
703
777
813
865
934
38
272
596
887
39
130
139
141
148
213
362
374
415
443
534
573
583
621
674
683
789
855
938
5
40
111
140
302
381
390
664
692
694
768
825
826
846
849
879
937
939
6
15
41
54
89
113
115
216
481
620
709
731
834
839
920
932
981
992
42
65
590
669
730
842
891
924
931
933
43
135
143
244
254
355
414
430
460
734
808
848
861
941
952
44
112
115
177
400
449
454
527
678
840
859
935
32
45
97
118
167
170
247
269
296
305
359
399
461
497
500
606
632
655
727
743
745
872
877
895
5
18
46
133
140
208
310
344
592
692
694
826
846
0
47
52
149
252
258
270
319
412
440
540
552
567
714
828
944
7
48
99
158
162
211
239
313
413
451
474
623
693
773
786
806
907
918
49
71
157
171
175
198
241
302
390
421
616
663
778
804
813
849
874
879
916
934
29
50
159
523
525
706
748
869
876
928
950
986
25
51
73
237
356
364
445
489
512
537
589
610
617
639
681
739
799
911
940
942
995
0
47
52
149
263
283
319
328
339
440
490
540
545
633
714
762
828
944
984
53
147
195
964
15
41
54
89
112
115
216
481
620
709
731
834
839
840
932
981
992
55
106
153
307
337
376
436
456
459
479
501
598
811
892
987
8
56
201
215
285
297
309
380
382
498
535
580
593
611
650
679
782
890
943
989
991
11
57
219
248
253
299
342
400
404
419
520
582
653
713
803
830
870
884
915
996
3
58
62
67
98
137
138
166
172
210
287
506
673
691
696
732
788
809
835
863
866
921
930
985
59
69
78
209
363
426
432
565
816
885
948
60
126
144
184
221
224
227
250
261
273
329
425
494
546
667
744
765
898
975
61
70
433
594
726
766
58
62
98
167
170
172
210
247
269
296
497
506
632
655
673
691
727
732
809
863
866
872
985
63
192
263
264
283
292
328
339
452
490
509
545
586
619
633
688
707
762
791
817
818
984
64
154
236
398
518
42
65
418
590
669
730
842
891
913
924
931
66
94
365
388
438
682
740
871
3
31
58
67
98
137
138
161
166
197
287
395
506
661
691
696
788
809
835
921
929
930
960
985
28
68
353
455
556
562
574
585
654
666
724
757
836
867
979
59
69
78
209
363
426
432
524
565
795
816
885
948
61
70
594
766
49
71
157
171
175
198
241
302
390
421
505
616
663
778
804
813
849
874
879
916
934
36
72
81
127
152
274
345
386
409
472
571
578
704
857
860
949
956
51
73
76
146
267
445
537
589
617
624
642
739
760
799
819
973
995
74
116
125
427
570
752
794
873
994
22
75
155
204
225
318
437
530
539
622
631
690
821
972
73
76
146
267
316
446
537
624
642
760
819
973
77
142
151
233
311
402
411
555
684
695
897
961
59
69
78
363
383
432
475
816
885
948
79
110
361
838
968
80
144
193
227
261
329
422
423
425
492
507
542
584
613
667
765
898
946
36
72
81
100
127
274
345
386
409
472
547
571
607
646
704
784
860
945
949
82
124
196
429
962
993
83
255
397
457
516
561
702
742
793
955
35
84
124
196
266
429
85
188
294
355
369
371
431
581
662
701
719
723
734
736
822
901
910
941
947
86
121
151
233
289
311
368
370
411
435
453
656
686
695
775
815
897
958
997
10
16
87
143
254
278
293
325
379
408
414
417
420
430
460
579
615
974
88
90
242
249
320
341
625
716
725
936
15
41
54
89
115
216
481
620
709
731
834
839
920
932
981
992
88
90
190
220
242
320
341
625
635
764
827
11
91
219
248
253
369
371
419
653
719
723
822
830
870
947
37
92
157
179
198
224
241
505
576
616
626
663
703
777
813
865
934
4
26
93
185
206
268
375
448
558
569
628
660
751
754
802
902
66
94
365
388
396
438
659
682
720
740
871
95
284
376
377
526
618
670
712
904
34
96
104
107
178
187
288
378
549
550
591
641
657
738
750
772
853
32
45
97
118
129
167
247
269
296
305
359
399
461
471
497
500
606
632
655
727
743
745
872
877
895
899
3
58
62
67
98
137
138
166
167
170
172
210
287
506
673
691
696
732
788
809
835
863
866
985
48
99
162
211
232
323
474
493
623
677
693
773
776
786
796
806
957
970
998
36
81
100
103
274
345
409
423
472
492
547
571
584
607
646
780
784
860
945
946
949
101
280
321
614
644
807
102
117
142
251
402
524
555
634
795
100
103
193
422
423
492
507
542
547
584
607
613
646
780
784
945
946
96
104
107
178
349
378
529
550
577
591
597
641
738
790
853
965
983
105
770
55
106
153
307
337
376
436
456
459
479
501
598
741
811
823
892
987
96
104
107
178
187
378
529
549
550
591
597
641
738
790
853
965
983
9
108
291
392
20
27
109
120
128
189
256
330
331
351
385
394
462
553
595
767
798
820
889
894
925
79
110
838
968
5
18
40
111
140
302
381
390
664
692
694
768
825
826
846
849
879
937
939
44
54
112
115
177
449
454
527
678
840
859
932
935
1
6
15
41
113
216
481
620
709
722
731
824
834
839
862
920
981
992
33
114
389
488
630
769
881
41
44
54
89
112
115
216
449
454
527
678
840
859
932
935
74
116
125
468
548
570
794
843
994
102
117
142
209
251
426
524
565
634
795
816
32
45
97
118
129
183
230
298
300
305
359
399
461
471
497
500
511
575
606
718
728
743
745
868
877
895
899
119
272
442
554
797
887
20
27
109
120
128
189
256
331
350
351
360
385
394
462
532
767
798
820
889
894
925
86
121
151
199
289
314
368
370
411
435
453
652
656
686
775
815
903
958
997
13
122
164
327
470
560
783
800
951
123
186
228
276
458
499
541
698
759
763
779
850
82
84
124
196
266
429
993
74
116
125
427
548
570
752
794
843
873
994
60
126
184
221
224
250
273
494
546
626
667
703
744
865
975
36
72
81
127
152
274
345
386
409
472
571
578
704
857
860
949
956
20
27
109
120
128
132
189
229
256
350
351
360
532
747
767
787
798
820
889
894
32
97
118
129
183
218
230
298
300
359
399
461
471
500
511
543
575
606
718
728
743
745
868
877
895
899
39
130
139
141
148
173
260
362
443
450
502
534
573
583
587
612
789
938
976
131
169
180
213
279
282
374
391
415
441
572
621
637
674
683
774
855
966
20
27
128
132
169
189
229
279
282
350
351
360
391
441
532
637
747
767
787
820
5
18
46
133
181
208
310
344
592
602
758
785
854
969
134
358
416
519
557
689
761
883
893
43
135
244
355
414
430
460
662
701
734
808
848
861
941
952
136
176
347
389
588
649
769
781
3
31
58
67
98
137
138
161
166
197
287
395
506
661
691
696
732
788
809
835
921
929
930
960
985
3
31
58
67
98
137
138
161
166
197
287
395
506
661
691
696
788
809
835
921
929
930
960
985
39
130
139
141
148
213
362
374
415
443
534
573
583
587
621
674
683
789
855
938
5
18
40
46
111
140
344
381
664
692
694
825
826
846
937
939
39
130
139
141
148
213
362
374
415
443
534
573
583
587
621
674
683
789
855
938
77
102
117
142
251
402
555
634
684
961
43
87
143
254
325
414
417
430
460
579
615
808
848
952
974
60
80
144
184
193
227
261
329
422
425
507
542
613
667
765
898
975
145
600
711
982
73
76
146
267
445
537
589
617
624
642
739
760
799
819
973
995
53
147
195
964
39
130
139
141
148
213
362
374
415
443
534
573
583
621
674
683
789
855
938
0
47
52
149
263
283
319
328
339
440
540
633
714
828
944
984
150
77
86
121
151
233
289
311
370
411
435
453
686
695
775
815
897
958
961
997
72
127
152
212
238
243
386
463
578
857
908
956
978
55
106
153
307
337
436
456
459
479
501
598
741
811
823
875
892
987
64
154
236
398
518
852
22
75
155
204
225
257
437
530
539
622
631
690
821
972
17
26
156
174
203
217
245
428
469
601
660
833
906
37
49
71
92
157
171
175
179
198
241
421
505
576
616
663
777
778
804
813
874
916
934
7
48
158
168
211
239
313
413
451
474
480
564
623
668
806
837
907
918
29
50
159
220
372
523
525
635
706
869
928
950
160
262
352
484
603
3
31
67
137
138
161
192
197
264
287
292
395
509
586
619
661
688
696
707
818
921
929
930
960
48
99
162
211
232
239
313
323
474
493
623
677
693
773
776
786
796
806
970
998
163
234
246
346
348
367
771
801
851
933
23
122
164
185
327
470
560
658
754
800
900
165
841
3
58
67
98
137
138
166
287
506
673
691
696
732
788
809
835
866
921
930
985
45
62
97
98
167
170
172
210
247
269
296
305
497
632
655
673
691
727
732
863
866
872
7
158
168
199
314
413
434
451
480
533
564
652
656
668
697
837
886
903
907
131
132
169
180
229
279
282
374
391
415
441
572
637
774
787
855
966
45
62
98
167
170
172
210
247
269
296
305
497
506
632
655
673
691
727
732
863
866
872
985
49
71
157
171
175
198
241
302
390
421
505
616
663
778
804
813
849
874
879
916
934
58
62
98
167
170
172
210
247
269
296
497
506
632
655
673
691
727
732
809
863
866
872
985
130
173
260
322
362
410
450
495
502
538
587
612
789
814
888
938
976
17
26
156
174
203
217
245
428
469
601
660
833
906
37
49
71
157
171
175
198
241
302
421
505
576
616
663
778
804
813
874
916
934
136
176
347
358
519
557
588
649
781
883
893
44
112
177
342
400
449
454
520
527
582
678
803
840
859
884
935
996
96
104
107
178
187
288
378
549
550
591
597
641
738
772
790
853
965
983
37
92
157
179
198
224
241
505
576
616
626
663
703
777
813
865
934
131
169
180
229
279
282
374
391
415
441
572
621
637
683
774
787
855
966
133
181
208
310
344
465
503
592
602
749
758
785
854
858
969
19
182
271
343
401
403
715
717
118
129
183
218
230
298
300
471
485
511
543
575
718
728
868
890
899
60
126
144
184
221
224
227
250
273
329
425
494
546
626
667
744
765
898
975
4
23
93
164
185
268
448
470
558
658
751
754
802
900
902
123
186
228
396
458
541
609
659
698
720
759
850
14
34
96
107
178
187
288
366
378
549
550
641
657
738
750
772
853
864
954
85
188
244
294
355
369
371
431
581
662
701
719
723
734
736
901
910
941
947
20
27
109
120
128
132
189
229
256
279
350
351
360
532
747
767
787
798
820
894
90
190
220
320
341
372
625
635
764
827
191
31
63
161
192
197
264
292
395
452
509
586
619
661
688
707
791
817
818
929
930
960
80
103
144
193
227
261
329
422
423
425
492
507
542
584
613
765
780
898
946
24
194
528
953
53
147
195
82
84
124
196
266
429
993
3
31
67
137
138
161
192
197
264
287
292
395
509
586
619
661
688
696
707
818
921
929
930
960
37
49
71
92
157
171
175
179
198
241
421
505
576
616
663
777
778
804
813
916
934
121
168
199
314
368
370
434
453
480
533
564
652
656
686
697
837
886
903
997
200
513
515
636
733
845
927
8
56
201
215
297
309
380
382
496
521
535
580
611
650
665
672
679
782
880
989
991
202
240
312
352
384
708
756
959
17
26
156
174
203
217
245
428
469
660
833
22
75
155
204
225
257
437
530
539
622
690
821
205
277
487
4
26
93
206
217
245
268
375
448
558
569
628
660
751
802
833
902
10
16
207
214
278
290
293
304
325
336
338
373
379
408
420
467
521
536
579
672
687
705
914
974
46
133
181
208
310
344
465
592
602
749
758
785
854
858
969
59
69
117
209
363
426
432
524
565
795
816
885
58
62
98
167
170
172
210
247
269
296
506
632
655
673
691
727
732
809
863
866
872
985
7
48
99
158
162
211
239
313
413
451
474
623
693
786
806
907
918
152
212
238
243
334
412
463
483
578
844
908
956
978
39
131
139
141
148
213
374
415
443
534
572
621
674
683
774
855
10
16
207
214
290
304
336
338
373
408
467
496
521
535
536
665
672
687
705
880
914
8
56
201
215
285
297
309
380
382
498
580
593
611
650
679
782
890
943
989
991
6
15
41
54
89
113
115
216
481
620
709
731
824
834
839
920
932
981
992
17
26
156
174
203
206
217
245
375
469
569
628
660
833
129
183
218
230
298
300
471
485
511
543
575
718
728
868
890
899
11
57
91
219
248
253
299
419
653
713
822
830
870
947
90
159
190
220
341
372
525
625
635
764
827
928
950
60
126
184
221
224
227
250
273
425
494
546
626
667
703
744
765
865
975
222
291
332
544
563
605
645
967
14
223
366
405
561
566
638
651
657
750
864
954
60
92
126
179
184
221
224
250
273
494
546
626
703
744
865
975
22
75
155
204
225
257
437
530
539
622
690
821
2
226
265
308
315
335
357
476
478
923
60
80
144
184
193
221
227
250
261
273
329
422
425
542
546
613
667
744
765
898
975
123
186
228
276
458
499
541
698
759
779
850
20
27
128
132
169
180
189
229
279
282
350
351
360
391
441
532
637
747
767
787
820
966
32
118
129
183
218
230
298
300
359
399
461
471
485
500
511
543
575
606
718
728
743
745
868
877
895
899
231
99
162
232
322
323
410
493
495
677
693
773
776
796
814
888
957
970
998
77
86
151
233
289
311
411
435
684
695
775
815
897
958
961
163
234
246
346
348
367
590
669
771
801
933
235
387
671
64
154
236
398
518
852
12
25
51
237
324
356
364
489
512
610
639
681
911
940
942
980
152
212
238
243
334
463
483
578
844
857
908
956
978
7
48
158
162
211
239
313
413
451
474
623
693
786
806
907
918
202
240
312
384
708
715
756
959
37
49
71
92
157
171
175
179
198
241
421
505
576
616
663
703
777
778
804
813
865
916
934
88
90
242
249
320
341
716
725
936
152
212
238
243
334
412
463
483
552
578
844
908
978
43
135
188
244
355
430
431
581
662
701
734
736
808
848
861
910
941
952
17
26
156
174
203
206
217
245
375
469
569
628
660
833
163
234
246
346
348
367
590
669
771
933
32
45
62
97
167
170
172
210
247
269
296
305
399
497
632
655
727
743
745
863
872
877
895
11
57
91
219
248
253
299
342
404
419
520
582
653
713
803
830
870
884
915
88
242
249
716
725
936
60
126
184
221
224
227
250
273
329
425
494
546
626
667
744
765
898
975
102
117
142
251
402
524
555
634
684
795
0
47
252
258
270
319
334
412
440
483
540
552
567
714
844
944
11
57
91
219
248
253
419
653
713
719
723
822
830
870
947
43
87
143
254
293
325
414
417
430
460
579
615
808
848
952
974
83
255
340
397
439
457
516
551
648
702
742
753
793
832
955
20
27
109
120
128
189
256
350
351
360
462
532
747
767
798
820
889
894
22
155
204
225
257
437
530
539
618
622
670
690
904
0
47
252
258
270
319
334
412
440
483
540
552
567
714
844
944
259
468
477
721
912
971
130
173
260
362
450
495
502
534
538
573
583
587
612
789
888
938
976
60
80
144
193
227
261
329
422
425
492
507
542
613
667
765
898
160
262
280
352
484
603
807
52
63
149
263
283
328
339
440
490
540
545
633
714
762
817
828
944
984
31
63
161
192
197
264
283
292
339
395
452
490
509
545
586
619
661
688
707
762
791
817
818
929
960
2
226
265
308
315
335
357
478
629
710
923
35
84
124
196
266
429
73
76
146
267
445
537
589
617
624
642
739
760
799
819
973
995
4
23
93
185
206
268
375
448
558
569
628
658
751
754
802
900
902
45
62
97
167
170
172
210
247
269
296
305
497
632
655
673
727
732
863
866
872
0
47
252
258
270
319
334
412
440
483
552
567
714
844
944
19
182
271
343
401
403
717
805
856
38
119
272
442
554
596
887
60
126
184
221
224
227
250
273
425
494
546
626
667
744
765
865
975
36
72
81
100
127
274
345
386
409
472
547
571
607
646
704
784
860
945
949
275
841
123
228
276
458
499
541
698
759
763
779
850
205
277
487
10
16
87
207
278
290
293
325
379
408
417
420
536
579
615
705
914
974
131
132
169
180
189
229
279
282
350
351
360
391
441
532
572
637
747
774
787
966
101
262
280
321
614
644
807
281
301
354
424
466
475
491
514
604
737
746
917
977
988
990
131
132
169
180
229
279
282
391
441
572
637
774
787
855
966
52
63
149
263
264
283
292
328
339
452
490
540
545
619
633
762
791
817
828
984
95
284
376
377
526
618
670
712
904
8
56
215
285
297
309
380
382
485
498
593
782
890
943
989
991
286
418
508
510
730
792
913
924
931
3
31
58
67
98
137
138
161
166
197
287
395
506
661
691
696
788
809
835
921
929
930
960
985
14
34
96
178
187
288
366
378
549
550
641
657
738
750
772
864
954
86
121
151
233
289
311
368
370
411
435
453
686
695
775
815
897
958
997
10
16
207
214
278
290
293
304
325
336
338
373
379
408
420
467
521
536
579
687
705
914
974
9
108
222
291
332
544
605
967
63
161
192
197
264
283
292
339
395
452
490
509
545
586
619
633
661
688
707
762
791
817
818
929
10
16
87
207
254
278
290
293
325
379
408
417
420
536
579
615
705
914
974
85
188
294
355
369
371
431
581
662
701
719
723
734
736
822
901
910
941
947
295
316
326
349
446
529
577
591
597
608
790
965
983
32
45
62
97
167
170
172
210
247
269
296
305
399
497
632
655
727
743
745
863
872
877
895
8
56
201
215
285
297
309
380
382
498
535
580
593
611
650
679
782
890
943
989
991
32
118
129
183
218
230
298
300
359
461
471
485
500
511
543
575
606
718
728
743
745
868
895
899
57
219
248
299
342
400
404
520
582
653
713
803
830
870
884
915
996
32
118
129
183
218
230
298
300
359
399
461
471
485
500
511
543
575
606
718
728
743
745
868
895
899
281
301
354
424
466
491
504
514
604
676
737
746
917
926
977
988
990
40
49
71
111
171
175
302
381
390
421
664
768
778
804
825
849
874
879
916
937
939
21
303
393
522
643
645
896
10
16
207
214
290
304
336
338
373
408
467
496
521
535
536
665
672
687
705
880
914
32
45
97
118
167
170
247
269
296
305
359
399
461
497
500
606
632
655
727
743
745
872
877
895
306
317
599
680
882
55
106
153
307
337
436
456
459
479
501
598
741
811
823
875
892
987
2
226
265
308
315
335
357
476
478
710
923
8
56
201
215
285
297
309
380
382
498
535
580
593
611
650
679
782
890
943
989
991
46
133
181
208
310
344
465
592
602
749
758
785
854
969
77
86
151
233
289
311
411
435
684
695
775
815
897
958
961
202
240
312
343
384
708
715
717
756
959
7
48
158
162
211
239
313
413
451
474
623
668
693
786
806
907
918
121
168
199
314
368
370
434
453
480
533
564
652
656
668
686
697
837
886
903
997
2
226
265
308
315
335
357
476
478
629
710
923
76
295
316
326
349
446
529
577
608
624
642
983
306
317
680
882
75
318
365
631
682
740
821
972
0
47
52
149
252
258
270
319
412
440
540
552
567
714
944
88
90
190
242
320
341
625
764
827
101
280
321
614
644
807
173
232
322
323
410
450
493
495
538
776
796
814
888
957
970
998
99
162
232
322
323
410
493
495
538
677
773
776
796
814
888
957
970
998
12
25
237
324
356
364
428
489
512
601
610
639
906
911
940
980
10
16
87
143
207
254
278
290
293
325
379
408
417
420
536
579
615
914
974
295
316
326
349
446
529
577
591
597
608
790
965
983
13
122
164
327
470
560
783
800
951
52
63
149
263
283
328
339
440
490
540
545
633
714
762
817
828
944
984
60
80
144
184
193
227
250
261
329
422
425
507
542
613
667
744
765
898
975
109
330
331
385
394
462
465
503
553
595
602
749
858
889
905
925
109
120
330
331
385
394
462
465
503
553
595
749
858
889
894
905
925
9
222
291
332
544
605
967
1
333
340
439
486
551
647
648
699
722
753
793
831
832
862
955
212
238
243
252
258
270
334
412
463
483
552
567
844
908
978
2
226
265
308
315
335
357
476
478
923
10
16
207
214
290
304
336
338
373
408
467
496
521
535
536
665
672
687
705
880
914
13
55
106
153
307
337
436
456
459
479
501
598
741
811
823
875
892
987
10
16
207
214
290
304
336
338
373
408
467
496
521
535
536
665
672
687
705
880
914
52
63
149
263
264
283
292
328
339
452
490
545
619
633
762
791
817
828
984
255
333
340
439
486
516
551
647
648
699
702
742
753
793
831
832
955
88
90
190
220
242
320
341
625
635
764
827
57
177
248
299
342
400
404
520
582
713
803
884
915
996
19
182
271
312
343
384
401
403
715
717
756
5
18
46
133
140
181
208
310
344
592
694
826
846
854
36
72
81
100
127
274
345
386
409
472
547
571
607
646
704
784
860
945
949
163
234
246
346
348
367
517
700
771
801
851
136
176
347
358
519
557
588
761
781
883
893
163
234
246
346
348
367
590
669
771
842
933
104
295
316
326
349
446
529
577
591
597
608
790
965
983
20
27
120
128
132
189
229
256
279
350
351
360
532
637
747
767
787
798
820
894
20
27
109
120
128
132
189
229
256
279
350
351
360
532
637
747
767
787
798
820
894
160
202
262
352
484
603
959
28
68
353
455
556
562
574
585
654
666
724
757
836
867
979
281
301
354
424
466
475
491
514
604
737
746
917
977
988
990
43
85
135
188
244
294
355
431
581
662
701
734
736
808
848
861
901
910
941
952
12
25
51
237
324
356
364
489
512
610
617
639
681
739
911
940
942
980
2
226
265
308
315
335
357
476
478
629
710
923
134
176
347
358
519
557
761
883
893
32
45
97
118
129
230
298
300
305
359
399
461
471
497
500
511
575
606
718
728
743
745
868
877
895
899
20
27
120
128
132
189
229
256
279
350
351
360
441
532
637
747
767
787
798
820
79
361
838
968
39
130
139
141
148
173
260
362
443
450
502
534
573
583
587
612
789
938
976
59
69
78
209
363
426
432
524
565
795
816
885
948
12
25
51
237
324
356
364
489
512
601
610
639
681
906
911
940
942
980
66
94
318
365
388
631
682
740
871
14
34
187
223
288
366
405
549
566
651
657
750
772
864
954
163
234
246
346
348
367
590
669
771
842
933
86
121
199
289
314
368
370
434
435
453
533
652
656
686
697
815
886
903
958
997
85
91
188
294
369
371
431
581
662
719
723
736
822
901
910
947
86
121
151
199
289
314
368
370
434
435
453
652
656
686
775
815
903
958
997
85
91
188
294
369
371
419
431
581
662
719
723
736
822
901
910
947
29
159
190
220
372
525
625
635
764
827
869
928
950
10
16
207
214
290
304
336
338
373
408
467
496
521
535
536
665
672
687
705
880
914
39
131
139
141
148
169
180
213
374
415
443
572
621
674
683
774
855
966
4
26
93
206
217
245
268
375
448
558
569
628
660
751
802
833
902
55
95
106
284
376
377
526
670
712
904
987
95
284
376
377
526
618
670
712
904
34
96
104
107
178
187
288
378
549
550
641
657
738
750
772
853
864
10
16
87
207
278
290
293
325
379
408
417
420
536
579
615
705
914
974
8
56
201
215
285
297
309
380
382
498
535
580
593
611
650
679
782
943
989
991
40
111
140
302
381
390
664
692
694
768
825
826
846
849
874
879
937
939
8
56
201
215
285
297
309
380
382
496
535
580
593
611
650
665
679
782
880
989
991
78
383
432
475
604
885
948
202
240
312
343
384
708
715
717
756
959
109
120
330
331
385
394
462
465
503
553
595
749
798
858
889
894
905
925
36
72
81
127
152
274
345
386
409
472
571
578
704
857
860
949
956
235
387
671
66
94
365
388
396
438
659
682
720
740
871
114
136
389
488
588
630
649
769
781
881
40
49
71
111
171
302
381
390
421
664
692
768
778
804
825
849
874
879
916
937
939
131
132
169
180
229
279
282
391
441
572
637
774
787
855
966
9
108
392
675
21
303
393
522
643
755
896
109
120
330
331
385
394
462
465
503
553
595
749
858
889
894
905
925
3
31
67
137
138
161
192
197
264
287
292
395
509
586
619
661
688
696
707
818
921
929
930
960
94
186
388
396
438
609
659
720
83
255
397
457
516
702
742
793
832
955
64
154
236
398
518
32
45
97
118
129
230
247
296
300
305
359
399
461
471
497
500
511
606
632
655
718
727
728
743
745
877
895
899
44
57
177
299
342
400
404
449
520
582
713
803
859
884
915
935
996
19
182
271
343
401
403
717
805
856
77
102
142
251
402
555
634
684
695
961
19
182
271
343
401
403
717
805
856
57
248
299
342
400
404
520
582
653
713
803
870
884
915
996
14
223
366
405
457
561
566
638
651
657
750
864
954
406
416
517
568
689
700
801
851
407
812
852
10
16
87
207
214
278
290
293
304
325
336
338
373
379
408
417
420
536
579
615
687
705
914
974
36
72
81
100
127
274
345
386
409
472
547
571
607
646
704
780
784
860
945
949
173
232
322
323
410
450
495
538
776
796
814
888
957
970
998
77
86
121
151
233
289
311
411
435
684
695
775
815
897
958
961
997
0
47
212
243
252
258
270
319
334
412
483
552
567
714
844
944
978
7
48
158
168
211
239
313
413
451
474
480
533
564
668
697
837
886
907
918
43
87
135
143
254
414
417
430
460
615
808
848
861
952
39
131
139
141
148
169
180
213
374
415
443
572
621
674
683
774
855
966
134
406
416
517
568
689
700
10
16
87
143
254
278
293
325
379
408
414
417
420
430
460
579
615
974
65
286
418
508
510
730
891
913
924
931
11
57
91
219
248
253
371
419
653
713
719
723
822
830
870
947
10
16
87
207
278
290
293
325
379
408
417
420
536
579
615
705
914
974
49
71
157
171
175
198
241
302
390
421
505
616
663
778
804
813
849
874
879
916
934
80
103
144
193
227
261
329
422
423
425
492
507
542
584
613
765
780
898
946
80
100
103
193
422
423
492
507
542
547
584
607
613
646
780
784
945
946
281
301
354
424
466
475
491
514
604
737
746
917
977
988
990
60
80
144
184
193
221
227
250
261
273
329
422
425
494
542
546
613
667
744
765
898
975
59
69
117
209
363
426
432
524
565
795
816
885
74
125
427
570
629
752
794
873
994
12
17
156
174
203
324
428
469
601
906
980
82
84
124
196
266
429
993
43
87
135
143
244
254
414
417
430
460
615
808
848
861
952
85
188
244
294
355
369
371
431
581
662
701
719
723
734
736
822
901
910
941
947
59
69
78
209
363
383
426
432
475
816
885
948
61
433
513
515
594
636
726
733
168
199
314
368
370
434
453
480
533
564
652
656
668
686
697
837
886
903
86
121
151
233
289
311
368
370
411
435
453
686
695
775
815
897
958
997
13
55
106
153
307
337
436
456
459
479
501
598
741
811
823
875
892
951
987
22
75
155
204
225
257
437
530
539
622
690
821
66
94
388
396
438
609
659
720
871
255
333
340
439
486
516
551
647
648
699
702
742
753
793
831
832
862
955
0
47
52
149
252
258
263
270
319
328
440
540
552
567
714
828
944
984
131
132
169
180
229
279
282
360
391
441
532
572
637
747
774
787
966
119
272
442
554
797
887
39
130
139
141
148
213
362
374
415
443
534
573
583
587
621
674
683
789
855
938
28
30
444
455
556
562
574
666
867
909
51
73
146
267
445
489
512
537
589
617
639
681
739
760
799
819
942
973
995
76
295
316
326
349
446
529
577
608
624
642
983
447
559
4
26
93
185
206
268
375
448
558
569
628
660
751
754
802
902
44
112
115
177
400
449
454
527
678
840
859
935
130
173
260
322
362
410
450
495
502
538
587
612
814
888
938
976
7
48
158
168
211
239
313
413
451
474
480
564
623
668
837
886
907
918
63
192
264
283
292
339
452
490
509
545
586
619
633
688
707
762
791
817
818
984
86
121
151
199
289
314
368
370
434
435
453
652
656
686
775
815
903
958
997
44
112
115
177
449
454
527
678
840
859
932
935
28
30
68
353
444
455
556
562
574
585
654
666
724
757
836
867
909
979
55
106
153
307
337
436
456
459
479
501
598
741
811
823
892
987
83
255
397
405
457
516
561
566
638
742
123
186
228
276
458
499
541
698
759
763
779
850
55
106
153
307
337
436
456
459
479
501
598
741
811
823
892
987
43
87
135
143
254
414
417
430
460
615
808
848
952
32
45
97
118
129
230
298
300
305
359
399
461
471
497
500
511
575
606
718
728
743
745
868
877
895
899
109
120
256
330
331
385
394
462
503
553
595
749
798
820
858
889
894
905
925
152
212
238
243
334
463
483
578
844
857
908
956
978
464
585
654
675
724
829
836
181
208
310
330
331
385
394
465
503
553
592
595
602
749
758
785
854
858
905
925
969
281
301
354
424
466
475
491
514
604
737
746
917
977
988
990
207
214
290
304
336
338
373
467
496
521
535
536
580
665
672
679
687
705
880
914
116
259
468
477
548
721
843
971
994
17
26
156
174
203
217
245
428
469
601
660
833
906
23
122
164
185
327
470
658
754
800
900
32
97
118
129
183
218
230
298
300
359
399
461
471
500
511
543
575
606
718
728
743
745
868
877
895
899
36
72
81
100
127
274
345
386
409
472
547
571
607
646
704
780
784
860
945
949
473
48
99
158
162
211
239
313
413
451
474
623
677
693
773
786
806
907
918
78
281
354
383
424
432
466
475
514
604
737
746
948
2
226
308
315
335
357
476
478
923
259
468
477
548
721
843
912
971
2
226
265
308
315
335
357
476
478
710
923
55
106
153
307
337
436
456
459
479
501
598
741
811
823
892
987
7
158
168
199
314
413
434
451
480
533
564
652
668
697
837
886
903
907
918
1
6
15
41
54
89
113
216
481
620
709
722
731
824
834
839
920
981
992
482
212
238
243
252
258
270
334
412
463
483
552
567
844
908
978
160
262
352
484
603
183
218
230
285
298
300
485
498
543
575
593
728
868
890
943
1
333
340
439
486
551
647
648
699
722
753
793
831
832
862
205
277
487
33
114
389
488
630
769
881
12
25
51
237
324
356
364
445
489
512
610
617
639
681
739
911
940
942
52
63
263
264
283
292
328
339
452
490
545
586
619
633
707
762
791
817
828
984
281
301
354
424
466
491
504
514
531
627
676
735
737
746
917
926
977
988
990
80
100
103
193
261
422
423
492
507
542
547
584
607
613
646
780
784
945
946
99
162
232
322
323
493
677
693
773
776
786
796
806
957
970
998
60
126
184
221
224
250
273
425
494
546
626
667
703
744
865
975
173
232
260
322
323
410
450
495
538
612
814
888
957
970
976
998
201
214
304
336
338
373
382
467
496
521
535
580
611
650
665
672
679
687
705
880
32
45
62
97
118
167
170
172
247
269
296
305
359
399
461
497
500
606
632
655
727
743
745
863
872
877
895
8
56
215
285
297
309
380
485
498
593
782
890
943
989
991
123
228
276
458
499
541
698
759
763
779
850
32
45
97
118
129
230
298
300
305
359
399
461
471
497
500
511
575
606
718
728
743
745
868
877
895
899
13
55
106
153
307
337
436
456
459
479
501
598
741
811
823
875
892
951
987
130
173
260
362
450
502
534
538
573
583
587
612
789
938
976
181
330
331
385
394
462
465
503
553
595
602
749
758
785
854
858
905
925
969
301
491
504
531
627
676
735
748
876
917
926
977
988
990
37
71
92
157
171
175
179
198
241
421
505
576
616
663
703
777
804
813
865
916
934
3
58
62
67
98
137
138
166
170
172
210
287
506
673
691
696
732
788
809
835
863
866
921
985
80
103
144
193
261
329
422
423
492
507
542
584
613
646
780
898
946
286
418
508
510
792
913
931
964
31
63
161
192
197
264
292
395
452
509
545
586
619
661
688
707
762
791
817
818
929
930
960
286
418
508
510
730
792
913
931
964
32
118
129
183
218
230
298
300
359
399
461
471
500
511
543
575
606
718
728
743
745
868
877
895
899
12
25
51
237
324
356
364
445
489
512
610
617
639
681
739
799
911
940
942
200
433
513
515
636
726
733
927
281
301
354
424
466
475
491
514
604
737
746
917
977
988
990
200
433
513
515
636
726
733
927
83
255
340
397
439
457
516
551
648
702
742
753
793
832
955
346
406
416
517
568
700
801
851
64
154
236
398
518
134
176
347
358
519
557
689
761
883
893
57
177
248
299
342
400
404
520
582
713
803
870
884
915
996
201
207
214
290
304
336
338
373
467
496
521
535
536
580
611
650
665
672
679
687
705
880
21
303
393
522
643
755
896
29
50
159
523
525
531
627
706
735
748
869
876
928
950
986
69
102
117
209
251
363
426
524
565
634
795
816
29
50
159
220
372
523
525
635
706
869
928
950
95
284
376
377
526
618
670
712
904
44
112
115
177
449
454
527
678
840
859
932
935
24
194
528
953
104
107
295
316
326
349
446
529
550
577
591
597
608
738
790
853
965
983
22
75
155
204
225
257
437
530
539
622
690
821
491
504
523
531
627
676
735
748
876
917
926
977
986
990
20
27
120
128
132
189
229
256
279
350
351
360
441
532
637
747
767
787
798
820
7
168
199
314
368
413
434
480
533
564
652
656
668
697
837
886
903
39
130
139
141
148
213
260
362
443
502
534
573
583
587
612
674
789
938
976
56
201
214
297
304
309
336
338
373
380
382
467
496
521
535
580
611
650
665
672
679
687
880
991
10
16
207
214
278
290
293
304
325
336
338
373
379
408
420
467
521
536
579
672
687
705
914
974
51
73
76
146
267
445
537
589
617
624
642
739
760
799
819
942
973
995
173
260
322
323
410
450
495
502
538
587
612
814
888
957
970
976
22
75
155
204
225
257
437
530
539
622
690
821
0
47
52
149
252
258
263
283
319
328
440
540
567
633
714
828
944
984
123
186
228
276
458
499
541
698
759
763
779
850
80
103
144
193
227
261
329
422
423
425
492
507
542
584
613
667
765
898
946
129
183
218
230
298
300
471
485
511
543
575
718
728
868
890
899
9
222
291
332
544
605
967
52
63
263
264
283
292
328
339
452
490
509
545
586
619
633
707
762
791
817
818
828
984
60
126
184
221
224
227
250
273
425
494
546
626
667
703
744
765
865
975
36
81
100
103
274
345
409
423
472
492
547
571
584
607
646
704
780
784
860
945
946
949
116
125
468
477
548
570
721
843
971
994
14
34
96
107
178
187
288
366
378
549
550
641
657
738
750
772
853
864
954
96
104
107
178
187
288
378
529
549
550
591
597
641
738
790
853
965
983
255
333
340
439
486
516
551
647
648
699
702
742
753
793
831
832
862
955
0
47
243
252
258
270
319
334
412
440
483
552
567
714
844
944
109
330
331
385
394
462
465
503
553
595
602
749
858
889
894
905
925
119
272
442
554
797
887
77
102
142
251
402
555
634
684
961
28
30
68
353
444
455
556
562
574
585
654
666
757
836
867
909
979
134
176
347
358
519
557
689
761
883
893
4
23
93
185
206
268
375
448
558
569
628
658
751
754
802
900
902
447
559
13
122
164
327
560
783
800
875
951
83
223
405
457
561
566
638
651
28
68
353
444
455
556
562
574
585
654
666
724
757
836
867
979
222
563
605
643
645
967
7
158
168
199
314
413
434
451
480
533
564
652
668
697
837
886
903
907
918
59
69
117
209
363
426
524
565
795
816
14
223
366
405
457
561
566
638
651
657
864
954
0
47
252
258
270
319
334
412
440
483
540
552
567
714
844
944
406
416
517
568
689
700
801
851
4
26
93
206
217
245
268
375
448
558
569
628
660
751
802
833
902
74
116
125
427
548
570
752
794
843
873
994
36
72
81
100
127
274
345
386
409
472
547
571
607
704
784
857
860
945
949
131
169
180
213
279
282
374
391
415
441
572
621
637
674
683
774
855
966
39
130
139
141
148
260
362
443
502
534
573
583
587
612
789
938
976
28
68
353
444
455
556
562
574
585
654
666
724
757
836
867
979
32
118
129
183
218
230
298
300
359
461
471
485
500
511
543
575
606
718
728
743
745
868
895
899
37
92
157
175
179
198
241
505
576
616
626
663
703
777
813
865
934
104
295
316
326
349
446
529
577
591
597
608
790
965
983
72
127
152
212
238
243
386
463
578
857
908
956
978
10
16
87
143
207
254
278
290
293
325
379
408
417
420
536
579
615
914
974
8
56
201
215
297
309
380
382
467
496
521
535
580
611
650
665
672
679
782
880
989
991
85
188
244
294
355
369
371
431
581
662
701
719
723
734
736
822
901
910
941
947
57
177
248
299
342
400
404
520
582
713
803
884
915
996
39
130
139
141
148
260
362
443
502
534
573
583
587
612
789
938
976
80
100
103
193
422
423
492
507
542
547
584
607
613
646
780
784
945
946
68
353
455
464
556
562
574
585
654
724
757
836
979
31
63
161
192
197
264
292
395
452
490
509
545
586
619
661
688
707
762
791
817
818
929
930
960
130
139
141
173
260
362
443
450
502
534
538
573
583
587
612
789
938
976
136
176
347
389
588
649
769
781
51
73
146
267
445
537
589
617
642
681
739
760
799
819
942
973
995
42
65
234
246
348
367
590
669
771
842
891
933
96
104
107
178
295
326
349
529
550
577
591
597
641
738
790
853
965
983
46
133
181
208
310
344
465
592
602
749
758
785
854
858
969
8
56
215
285
297
309
380
382
485
498
593
611
650
782
890
943
989
991
61
70
433
594
766
109
330
331
385
394
462
465
503
553
595
602
749
858
889
894
905
925
38
272
596
887
104
107
178
295
326
349
529
550
577
591
597
641
738
790
853
965
983
55
106
153
307
337
436
456
459
479
501
598
741
811
823
875
892
987
306
599
680
882
145
600
711
12
17
25
156
174
324
364
428
469
601
610
906
940
980
133
181
208
310
330
465
503
553
592
595
602
749
758
785
854
858
905
969
160
262
352
484
603
959
281
301
354
383
424
466
475
514
604
737
746
988
9
222
291
332
544
563
605
645
967
32
45
97
118
129
230
298
300
305
359
399
461
471
497
500
511
575
606
718
728
743
745
868
877
895
899
36
81
100
103
274
345
409
423
472
492
547
571
584
607
646
780
784
860
945
946
949
295
316
326
349
446
529
577
608
983
186
396
438
609
659
720
12
25
51
237
324
356
364
489
512
601
610
639
681
906
911
940
942
980
8
56
201
215
297
309
380
382
496
521
535
580
593
611
650
665
672
679
782
880
989
991
130
173
260
362
450
495
502
534
538
573
583
587
612
789
888
938
976
80
103
144
193
227
261
329
422
423
425
492
507
542
584
613
765
780
898
946
101
280
321
614
644
807
16
87
143
254
278
293
325
379
408
414
417
420
430
460
579
615
974
37
49
71
92
157
171
175
179
198
241
421
505
576
616
663
777
778
804
813
874
916
934
51
73
146
267
356
445
489
512
537
589
617
639
681
739
760
799
911
942
995
22
95
257
284
377
526
618
622
670
712
904
31
63
161
192
197
264
283
292
339
395
452
490
509
545
586
619
633
661
688
707
762
791
817
818
929
960
1
6
15
41
54
89
113
216
481
620
709
722
731
824
834
839
862
920
981
992
39
131
139
141
148
180
213
374
415
443
572
621
674
683
774
855
966
22
75
155
204
225
257
437
530
539
618
622
690
904
48
99
158
162
211
239
313
451
474
623
677
693
773
786
806
907
918
73
76
146
267
316
446
537
624
642
760
819
973
995
88
90
190
220
320
341
372
625
635
764
827
92
126
179
184
221
224
250
273
494
546
576
626
703
744
777
865
975
491
504
523
531
627
676
735
748
876
926
977
986
990
4
26
93
206
217
245
268
375
448
558
569
628
660
751
802
833
902
2
265
315
357
427
629
710
752
873
923
33
114
389
488
630
769
881
75
155
318
365
631
682
821
972
32
45
62
97
167
170
172
210
247
269
296
305
399
497
632
655
727
743
863
872
877
895
52
63
149
263
283
292
328
339
452
490
540
545
619
633
762
791
817
828
984
102
117
142
251
402
524
555
634
684
795
90
159
190
220
341
372
525
625
635
764
827
928
950
200
433
513
515
636
726
733
845
927
131
132
169
180
229
279
282
350
351
360
391
441
532
572
637
747
774
787
966
14
223
405
457
561
566
638
651
954
12
25
51
237
324
356
364
445
489
512
610
617
639
681
739
911
940
942
640
96
104
107
178
187
288
378
549
550
591
597
641
738
772
790
853
965
73
76
146
267
316
446
537
589
624
642
760
819
973
995
21
303
393
522
563
643
645
896
101
280
321
614
644
807
222
303
563
605
643
645
967
36
81
100
103
274
345
409
423
472
492
507
547
584
607
646
780
784
860
945
946
1
333
340
439
486
551
647
648
699
722
753
793
831
832
862
955
255
333
340
439
486
516
551
647
648
699
702
742
753
793
831
832
955
136
176
389
588
649
769
781
8
56
201
215
297
309
380
382
496
521
535
580
593
611
650
665
672
679
782
880
989
991
14
34
223
366
405
561
566
638
651
657
750
864
954
121
168
199
314
368
370
434
453
480
533
564
652
656
686
697
837
886
903
997
11
57
91
219
248
253
299
404
419
653
713
830
870
915
68
353
455
464
556
562
574
585
654
724
757
836
979
32
45
62
97
167
170
172
210
247
269
296
305
399
497
632
655
727
743
863
866
872
877
895
86
121
168
199
314
368
370
434
453
533
652
656
686
697
815
886
903
997
14
34
96
187
223
288
366
378
405
549
566
651
657
750
772
864
954
23
164
185
268
470
558
658
754
900
94
186
388
396
438
609
659
720
871
4
17
26
93
156
174
203
206
217
245
375
448
469
569
628
660
751
802
833
3
31
67
137
138
161
192
197
264
287
292
395
509
586
619
661
688
696
707
818
921
929
930
960
85
135
188
244
294
355
369
371
431
581
662
701
734
736
861
901
910
941
37
49
71
92
157
171
175
179
198
241
421
505
576
616
663
777
778
804
813
874
916
934
5
18
40
111
140
302
381
390
664
692
694
768
825
826
846
849
879
937
939
201
214
304
336
338
373
382
467
496
521
535
580
611
650
665
672
679
687
880
28
30
68
353
444
455
556
562
574
666
757
867
909
979
60
80
126
144
184
221
227
250
261
273
329
425
494
542
546
667
744
765
898
975
7
158
168
313
314
413
434
451
480
533
564
668
697
837
886
907
918
42
65
234
246
348
367
590
669
771
842
891
924
933
95
257
284
376
377
526
618
670
712
904
235
387
671
201
207
214
304
336
338
373
467
496
521
535
536
580
611
650
665
672
679
687
705
880
58
62
98
166
167
170
172
210
269
506
673
691
732
788
809
835
863
866
872
985
39
131
139
141
148
213
374
415
443
534
572
621
674
683
774
855
392
464
675
829
301
491
504
531
627
676
735
748
876
917
926
977
986
990
99
162
232
323
474
493
623
677
693
773
776
786
796
806
957
970
998
44
112
115
177
449
454
527
678
840
859
932
935
8
56
201
215
297
309
380
382
467
496
521
535
580
611
650
665
672
679
782
880
989
991
306
317
599
680
882
25
51
237
356
364
445
489
512
589
610
617
639
681
739
799
911
940
942
66
94
318
365
388
631
682
740
871
972
39
131
139
141
148
180
213
374
415
443
572
621
674
683
774
855
966
77
142
233
251
311
402
411
555
634
684
695
897
961
685
919
86
121
151
199
289
314
368
370
434
435
453
652
656
686
775
815
903
958
997
10
16
207
214
290
304
336
338
373
408
467
496
521
535
536
665
672
687
705
880
914
3
31
63
161
192
197
264
292
395
452
509
586
619
661
688
707
791
818
921
929
930
960
134
406
416
519
557
568
689
761
883
22
75
155
204
225
257
437
530
539
622
690
821
3
58
62
67
98
137
138
166
167
170
172
210
287
506
673
691
696
732
788
809
835
863
866
985
5
18
40
46
111
140
381
390
664
692
694
768
825
826
846
849
879
937
939
48
99
162
211
232
239
313
474
493
623
677
693
773
776
786
796
806
5
18
40
46
111
140
344
381
664
692
694
768
825
826
846
937
939
77
86
151
233
289
311
402
411
435
684
695
775
897
958
961
3
31
58
67
98
137
138
161
166
197
287
395
506
661
691
696
788
809
835
921
929
930
960
985
7
168
199
314
368
413
434
480
533
564
652
656
668
697
837
886
903
123
186
228
276
458
499
541
698
759
779
850
1
333
340
439
486
551
647
648
699
722
753
824
831
832
862
346
406
416
517
568
700
801
851
85
135
188
244
294
355
431
581
662
701
734
736
861
901
910
941
83
255
340
397
439
516
551
648
702
742
753
793
832
955
37
92
126
179
221
224
241
494
505
546
576
626
703
777
865
36
72
81
127
274
345
386
409
472
547
571
704
857
860
949
956
10
16
207
214
278
290
293
304
336
338
373
379
408
420
467
496
521
536
672
687
705
880
914
29
50
159
523
525
706
748
869
876
928
950
986
31
63
161
192
197
264
292
395
452
490
509
545
586
619
661
688
707
762
791
817
818
929
960
202
240
312
384
708
715
756
959
1
6
15
41
54
89
113
216
481
620
709
722
731
824
834
839
920
981
992
2
265
308
315
357
478
629
710
752
923
145
600
711
982
95
284
376
377
526
618
670
712
904
11
57
219
248
253
299
342
400
404
419
520
582
653
713
803
830
870
884
915
996
0
47
52
149
252
258
263
270
319
328
412
440
540
552
567
714
828
944
182
240
312
343
384
708
715
717
756
88
242
249
716
725
936
182
271
312
343
384
401
403
715
717
756
32
118
129
183
218
230
298
300
359
399
461
471
500
511
543
575
606
718
728
743
745
868
877
895
899
11
85
91
188
253
294
369
371
419
431
581
719
723
736
822
830
901
910
947
94
186
388
396
438
609
659
720
259
468
477
548
721
843
912
971
1
6
15
113
333
481
486
620
647
699
709
722
731
824
831
834
839
862
920
992
11
85
91
188
253
294
369
371
419
431
581
719
723
736
822
830
901
910
947
68
353
455
464
562
574
585
654
724
757
829
836
979
88
242
249
716
725
936
61
433
513
515
636
726
733
32
45
62
97
167
170
172
210
247
269
296
305
399
497
632
655
727
743
863
872
877
895
32
118
129
183
218
230
298
300
359
399
461
471
485
500
511
543
575
606
718
728
743
745
868
877
895
899
729
42
65
286
418
510
730
842
891
913
924
931
1
6
15
41
54
89
113
216
481
620
709
722
731
824
834
839
920
981
992
58
62
98
137
166
167
170
172
210
269
506
673
691
732
788
809
835
863
866
872
985
200
433
513
515
636
726
733
927
43
85
135
188
244
294
355
431
581
662
701
734
736
808
848
861
910
941
952
491
504
523
531
627
676
735
748
876
926
977
986
990
85
188
244
294
355
369
371
431
581
662
701
719
723
734
736
861
901
910
941
947
281
301
354
424
466
475
491
514
604
737
746
917
977
988
990
96
104
107
178
187
288
378
529
549
550
591
597
641
738
790
853
965
983
51
73
146
267
356
445
489
512
537
589
617
639
681
739
760
799
942
995
66
94
318
365
388
682
740
871
13
106
153
307
337
436
456
459
479
501
598
741
783
811
823
875
892
951
83
255
340
397
439
457
516
551
648
702
742
753
793
832
955
32
45
97
118
129
230
247
296
298
300
305
359
399
461
471
497
500
511
575
606
632
655
718
727
728
743
745
877
895
899
60
126
184
221
224
227
250
273
329
425
494
546
626
667
744
765
898
975
32
45
97
118
129
230
247
296
298
300
305
359
399
461
471
497
500
511
575
606
718
728
743
745
868
877
895
899
281
301
354
424
466
475
491
514
604
737
746
917
977
988
990
20
27
128
132
189
229
256
279
350
351
360
441
532
637
747
767
787
798
820
29
50
504
523
531
627
676
706
735
748
876
926
986
181
208
310
330
331
385
394
462
465
503
553
592
595
602
749
758
785
854
858
905
925
969
14
34
96
187
223
288
366
378
405
549
651
657
750
772
864
954
4
26
93
185
206
268
375
448
558
569
628
660
751
754
802
902
74
125
427
570
629
710
752
794
873
255
333
340
439
486
516
551
647
648
699
702
742
753
793
831
832
955
4
23
93
164
185
268
448
470
558
658
751
754
802
900
902
21
393
522
755
805
896
202
240
312
343
384
708
715
717
756
959
28
68
353
455
556
562
574
585
654
666
724
757
836
867
979
133
181
208
310
465
503
592
602
749
758
785
854
858
969
123
186
228
276
458
499
541
698
759
763
779
850
73
76
146
267
445
537
589
617
624
642
739
760
799
819
973
995
134
347
358
519
557
689
761
883
893
52
63
263
264
283
292
328
339
452
490
509
545
586
619
633
707
762
791
817
818
828
984
123
276
458
499
541
759
763
779
850
90
190
220
320
341
372
625
635
764
827
60
80
144
184
193
221
227
250
261
273
329
422
425
542
546
613
667
744
765
898
975
61
70
594
766
797
20
27
109
120
128
132
189
229
256
350
351
360
532
747
767
787
798
820
889
894
40
111
302
381
390
664
692
694
768
778
825
826
849
874
879
937
939
114
136
389
488
588
630
649
769
781
881
105
770
163
234
246
346
348
367
590
669
771
801
933
14
34
96
178
187
288
366
378
549
641
657
750
772
864
954
48
99
162
232
323
474
493
623
677
693
773
776
786
796
806
957
970
998
131
169
180
213
279
282
374
391
415
441
572
621
637
674
683
774
855
966
86
121
151
233
289
311
370
411
435
453
686
695
775
815
897
958
961
997
99
162
232
322
323
410
493
677
693
773
776
786
796
814
957
970
998
37
92
157
179
198
241
505
576
616
626
663
703
777
813
865
934
49
71
157
171
175
198
241
302
390
421
616
663
768
778
804
813
849
874
879
916
934
123
228
276
458
499
541
698
759
763
779
850
100
103
193
409
422
423
472
492
507
547
584
607
613
646
780
784
945
946
136
176
347
389
588
649
769
781
8
56
201
215
285
297
309
380
382
498
580
593
611
650
679
782
890
943
989
991
13
122
327
560
741
783
800
823
875
951
36
81
100
103
274
345
409
423
472
492
547
571
584
607
646
780
784
860
945
946
949
133
181
208
310
465
503
592
602
749
758
785
854
858
969
48
99
162
211
239
313
474
493
623
677
693
773
776
786
796
806
918
20
27
128
132
169
180
189
229
279
282
350
351
360
391
441
532
637
747
767
787
820
3
58
67
98
137
138
166
287
506
673
691
696
732
788
809
835
866
921
930
985
39
130
139
141
148
173
260
362
443
502
534
573
583
587
612
789
938
976
104
107
178
295
326
349
529
550
577
591
597
641
738
790
853
965
983
63
192
264
283
292
339
452
490
509
545
586
619
633
688
707
762
791
817
818
286
508
510
792
913
964
83
255
333
340
397
439
486
516
551
647
648
702
742
753
793
832
955
74
116
125
427
570
752
794
873
994
69
102
117
209
251
363
426
524
565
634
795
816
99
162
232
322
323
410
493
677
693
773
776
786
796
814
888
957
970
998
119
442
554
766
797
20
27
109
120
128
189
256
350
351
360
385
462
532
747
767
798
820
889
894
51
73
146
267
445
512
537
589
617
681
739
760
799
819
942
973
995
13
122
164
327
470
560
783
800
951
163
234
346
406
517
568
700
771
801
851
4
26
93
185
206
268
375
448
558
569
628
660
751
754
802
902
57
177
248
299
342
400
404
520
582
713
803
884
915
996
49
71
157
171
175
198
241
302
390
421
505
616
663
778
804
813
849
874
879
916
934
19
271
401
403
755
805
856
48
99
158
162
211
239
313
474
493
623
677
693
773
786
806
918
101
262
280
321
614
644
807
43
135
143
244
254
355
414
430
460
734
808
848
861
941
952
3
58
62
67
98
137
138
166
172
210
287
506
673
691
696
732
788
809
835
863
866
921
930
985
810
13
55
106
153
307
337
436
456
459
479
501
598
741
811
823
875
892
987
407
812
37
49
71
92
157
171
175
179
198
241
421
505
576
616
663
777
778
804
813
874
916
934
173
232
322
323
410
450
495
538
776
796
814
888
957
970
998
86
121
151
233
289
311
368
370
411
435
453
656
686
775
815
897
958
997
59
69
78
117
209
363
426
432
524
565
795
816
885
948
63
192
263
264
283
292
328
339
452
490
509
545
586
619
633
707
762
791
817
818
828
984
31
63
161
192
197
264
292
395
452
509
545
586
619
661
688
707
762
791
817
818
929
930
960
73
76
146
267
445
537
589
624
642
760
799
819
973
995
20
27
109
120
128
132
189
229
256
350
351
360
462
532
747
767
787
798
820
889
894
75
155
204
225
318
437
530
539
631
690
821
972
11
85
91
219
253
294
369
371
419
431
581
719
723
822
830
901
910
947
13
106
153
307
337
436
456
459
479
501
598
741
783
811
823
875
892
951
987
1
6
15
113
216
481
620
699
709
722
731
824
831
834
839
862
920
981
992
5
40
111
140
302
381
390
664
692
694
768
825
826
846
849
879
937
939
5
18
40
46
111
140
344
381
664
692
694
768
825
826
846
937
939
90
190
220
320
341
372
625
635
764
827
47
52
149
263
283
328
339
440
490
540
545
633
714
762
817
828
944
984
464
675
724
829
11
57
91
219
248
253
299
419
653
713
719
723
822
830
870
947
1
333
340
439
486
551
647
648
699
722
753
824
831
832
862
255
333
340
397
439
486
516
551
647
648
699
702
742
753
793
831
832
955
17
26
156
174
203
206
217
245
375
469
569
628
660
833
1
6
15
41
54
89
113
216
481
620
709
722
731
824
834
839
920
981
992
3
58
67
98
137
138
166
287
506
673
691
696
732
788
809
835
866
921
930
985
68
353
455
464
556
562
574
585
654
724
757
836
979
7
158
168
199
314
413
434
451
480
533
564
652
668
697
837
886
903
907
918
79
110
361
838
968
1
6
15
41
54
89
113
216
481
620
709
722
731
824
834
839
920
981
992
44
54
112
115
177
449
454
527
678
840
859
932
935
165
275
841
42
65
348
367
590
669
730
842
891
924
931
933
116
125
468
477
548
570
721
843
971
994
212
238
243
252
258
270
334
412
463
483
552
567
844
908
978
200
636
845
927
5
18
40
46
111
140
344
381
664
692
694
825
826
846
937
939
847
43
135
143
244
254
355
414
430
460
734
808
848
861
941
952
40
49
71
111
171
302
381
390
421
664
692
768
778
804
825
849
874
879
937
939
123
186
228
276
458
499
541
698
759
763
779
850
163
346
406
517
568
700
801
851
154
236
407
852
96
104
107
178
187
378
529
549
550
591
597
641
738
790
853
965
983
133
181
208
310
344
465
503
592
602
749
758
785
854
858
969
39
131
139
141
148
169
180
213
282
374
391
415
443
572
621
674
683
774
855
966
19
271
401
403
805
856
72
127
152
238
386
463
571
578
704
857
860
908
949
956
181
208
330
331
385
394
462
465
503
553
592
595
602
749
758
785
854
858
905
925
969
44
112
115
177
400
449
454
527
678
840
859
935
996
36
72
81
100
127
274
345
386
409
472
547
571
607
646
704
784
857
860
945
949
43
135
244
355
414
430
662
701
734
736
808
848
861
941
952
1
6
113
333
439
486
551
620
647
699
722
824
831
862
920
58
62
98
167
170
172
210
247
269
296
497
506
632
655
673
691
727
732
809
863
866
872
985
14
34
187
223
288
366
378
405
549
566
651
657
750
772
864
954
37
92
126
179
221
224
241
273
494
505
546
576
626
703
777
865
58
62
98
166
167
170
172
210
269
506
655
673
691
732
788
809
835
863
866
872
985
28
30
68
353
444
455
556
562
574
666
757
867
909
979
118
129
183
218
230
298
300
359
461
471
485
500
511
543
575
606
718
728
745
868
899
29
50
159
372
523
525
706
869
876
928
950
986
11
57
91
219
248
253
299
404
419
520
653
713
830
870
915
66
94
365
388
438
659
682
740
871
45
62
97
167
170
172
210
247
269
296
305
497
632
655
673
727
732
863
866
872
74
125
427
570
629
752
794
873
994
49
71
157
171
175
302
381
390
421
616
663
768
778
804
813
849
874
879
916
934
13
153
307
337
436
501
560
598
741
783
811
823
875
892
951
29
50
504
523
531
627
676
706
735
748
869
876
926
986
32
45
97
118
129
230
247
296
305
359
399
461
471
497
500
511
606
632
655
718
727
728
743
745
877
895
899
878
40
49
71
111
171
302
381
390
421
664
692
768
778
804
825
849
874
879
937
939
201
214
304
336
338
373
382
467
496
521
535
580
611
650
665
672
679
687
705
880
33
114
389
488
630
769
881
306
317
599
680
882
134
176
347
358
519
557
689
761
883
893
57
177
248
299
342
400
404
520
582
713
803
884
915
996
59
69
78
209
363
383
426
432
816
885
948
7
168
199
314
368
413
434
451
480
533
564
652
656
668
697
837
886
903
907
38
119
272
442
554
596
887
173
232
260
322
323
410
450
495
538
612
796
814
888
957
970
998
20
27
109
120
128
256
330
331
385
394
462
553
595
767
798
820
889
894
905
925
8
56
183
215
218
285
297
309
485
498
543
593
782
890
943
989
991
42
65
418
590
669
730
842
891
913
924
931
13
55
106
153
307
337
436
456
459
479
501
598
741
811
823
875
892
951
987
134
176
347
358
519
557
761
883
893
20
27
109
120
128
189
256
331
350
351
385
394
462
553
595
767
798
820
889
894
925
32
45
97
118
129
230
247
296
298
300
305
359
399
461
471
497
500
511
575
606
632
655
718
727
728
743
745
877
895
899
21
303
393
522
643
755
896
77
86
151
233
289
311
411
435
684
695
775
815
897
958
961
60
80
144
184
193
227
250
261
329
422
425
507
542
613
667
744
765
898
975
32
97
118
129
183
218
230
298
300
359
399
461
471
500
511
543
575
606
718
728
743
745
868
877
895
899
23
164
185
268
470
558
658
754
900
902
85
188
294
355
369
371
431
581
662
701
719
723
736
822
901
910
941
947
4
23
93
185
206
268
375
448
558
569
628
751
754
802
900
902
121
168
199
314
368
370
434
453
480
533
564
652
656
686
697
837
886
903
997
95
257
284
376
377
526
618
622
670
712
904
330
331
385
394
462
465
503
553
595
602
749
858
889
905
925
12
17
25
156
174
324
364
428
469
601
610
906
940
980
7
48
158
168
211
239
313
413
451
474
480
564
623
668
837
886
907
918
152
212
238
243
334
463
483
578
844
857
908
956
978
28
30
444
455
556
666
867
909
85
188
244
294
355
369
371
431
581
662
701
719
723
734
736
822
901
910
941
947
12
25
51
237
324
356
364
489
512
610
617
639
681
911
940
942
980
259
477
721
912
971
65
286
418
508
510
730
792
891
913
924
931
10
16
207
214
278
290
293
304
325
336
338
373
379
408
420
467
536
579
687
705
914
974
57
248
299
342
400
404
520
582
653
713
803
870
884
915
996
49
71
157
171
175
198
241
302
390
421
505
616
663
778
804
813
874
916
934
281
301
354
424
466
491
504
514
531
676
737
746
917
926
977
988
990
7
48
158
211
239
313
413
451
474
480
564
623
668
786
806
837
907
918
685
919
1
6
15
41
89
113
216
481
620
709
722
731
824
834
839
862
920
981
992
3
31
58
67
137
138
161
166
197
287
395
506
661
688
696
788
809
835
921
929
930
960
985
922
2
226
265
308
315
335
357
476
478
629
710
923
42
65
286
418
669
730
842
891
913
924
931
109
120
330
331
385
394
462
465
503
553
595
749
858
889
894
905
925
301
491
504
531
627
676
735
748
876
917
926
977
988
990
200
513
515
636
733
845
927
29
50
159
220
372
523
525
635
706
869
928
950
986
3
31
67
137
138
161
192
197
264
287
292
395
509
586
619
661
688
696
707
818
921
929
930
960
3
31
58
67
137
138
161
166
192
197
287
395
509
586
661
688
696
788
809
818
835
921
929
930
960
42
65
286
418
508
510
730
842
891
913
924
931
41
54
89
112
115
216
454
527
678
840
932
981
42
163
234
246
348
367
590
669
771
842
933
37
49
71
92
157
171
175
179
198
241
421
505
576
616
663
777
778
804
813
874
916
934
44
112
115
177
400
449
454
527
678
840
859
935
88
242
249
716
725
936
5
40
111
140
302
381
390
664
692
694
768
825
826
846
849
879
937
939
39
130
139
141
148
173
260
362
443
450
502
534
573
583
587
612
789
938
976
5
40
111
140
302
381
390
664
692
694
768
825
826
846
849
879
937
939
12
25
51
237
324
356
364
489
512
601
610
639
681
906
911
940
942
980
43
85
135
188
244
294
355
431
581
662
701
734
736
808
848
861
901
910
941
952
25
51
237
356
364
445
489
512
537
589
610
617
639
681
739
799
911
940
942
995
8
56
215
285
297
309
380
485
498
593
782
890
943
989
991
0
47
52
149
252
258
263
270
319
328
412
440
540
552
567
714
828
944
36
81
100
103
274
345
409
423
472
492
547
571
584
607
646
780
784
860
945
946
949
80
100
103
193
422
423
492
507
542
547
584
607
613
646
780
784
945
946
11
85
91
188
219
253
294
369
371
419
431
581
719
723
736
822
830
901
910
947
59
69
78
363
383
432
475
816
885
948
36
72
81
100
127
274
345
386
409
472
547
571
607
704
784
857
860
945
949
29
50
159
220
372
523
525
635
706
869
928
950
986
13
122
327
436
501
560
741
783
800
823
875
892
951
43
135
143
244
254
355
414
430
460
734
808
848
861
941
952
194
528
953
14
34
187
223
288
366
405
549
566
638
651
657
750
772
864
954
83
255
333
340
397
439
516
551
647
648
702
742
753
793
832
955
72
127
152
212
238
386
463
578
704
857
908
956
978
99
232
322
323
410
493
495
538
677
773
776
796
814
888
957
970
998
86
121
151
233
289
311
368
370
411
435
453
686
695
775
815
897
958
997
202
240
312
352
384
603
708
756
959
3
31
67
137
138
161
192
197
264
287
395
509
586
619
661
688
696
707
818
921
929
930
960
77
142
151
233
311
402
411
555
684
695
775
897
961
82
962
963
962
963
982
53
147
508
510
792
964
104
107
178
295
326
349
529
550
577
591
597
641
738
790
853
965
983
131
169
180
229
279
282
374
391
415
441
572
621
637
683
774
855
966
222
291
332
544
563
605
645
967
79
110
361
838
968
133
181
208
310
465
503
592
602
749
758
785
854
858
969
99
162
232
322
323
410
493
495
538
677
773
776
796
814
888
957
970
998
259
468
477
548
721
843
912
971
75
155
318
631
682
821
972
73
76
146
267
445
537
589
624
642
760
799
819
973
995
10
16
87
143
207
254
278
290
293
325
379
408
417
420
536
579
615
914
974
60
126
144
184
221
224
227
250
273
329
425
494
546
626
667
744
765
898
975
130
173
260
362
450
495
502
534
538
573
583
587
612
789
938
976
281
301
354
424
466
491
504
514
531
627
676
735
737
746
917
926
977
988
990
152
212
238
243
334
412
463
483
578
844
908
956
978
28
68
353
455
556
562
574
585
654
666
724
757
836
867
979
12
25
237
324
356
364
428
601
610
906
911
940
980
6
15
41
54
89
113
216
481
620
709
731
824
834
839
920
932
981
992
145
711
963
982
104
107
178
295
316
326
349
446
529
550
577
591
597
608
738
790
853
965
983
52
63
149
263
283
328
339
440
452
490
540
545
633
762
817
828
984
3
58
62
67
98
137
138
166
170
172
210
287
506
673
691
696
732
788
809
835
863
866
921
985
29
50
523
531
627
676
706
735
748
869
876
928
950
986
55
106
153
307
337
376
436
456
459
479
501
598
811
823
892
987
281
301
354
424
466
491
504
514
604
737
746
917
926
977
988
990
8
56
201
215
285
297
309
380
382
498
580
593
611
650
679
782
890
943
989
991
281
301
354
424
466
491
504
514
531
627
676
735
737
746
917
926
977
988
990
8
56
201
215
285
297
309
380
382
498
535
580
593
611
650
679
782
890
943
989
991
1
6
15
41
54
89
113
216
481
620
709
722
731
824
834
839
920
981
992
82
124
196
429
993
74
116
125
427
468
548
570
794
843
873
994
51
73
146
267
445
537
589
617
624
642
739
760
799
819
942
973
995
57
177
299
342
400
404
520
582
713
803
859
884
915
996
86
121
151
199
289
314
368
370
411
435
453
652
656
686
775
815
903
958
997
99
162
232
322
323
410
493
495
677
773
776
796
814
888
957
970
998
