0.578354
0.547954
0.596083
0.565111
0.610604
0.578821
0.622166
0.590752
0.640635
0.588154
0.583464
0.56771
0.56233
0.574203
0.579161
0.588122
0.566678
0.610818
0.645072
0.614329
0.642973
0.558363
0.564121
0.517672
0.568124
0.565839
0.614396
0.636921
0.632446
0.636563
0.596664
0.593207
0.535833
0.573778
0.535051
0.602956
0.607593
0.658272
0.617222
0.609812
0.579688
0.543178
0.586144
0.581107
0.593726
0.611
0.599543
0.621339
0.608748
0.632403
0.568827
0.598778
0.545971
0.579767
0.560895
0.59051
0.582638
0.595454
0.628102
0.605823
0.65504
0.594636
0.597805
0.528009
0.543504
0.556
0.595993
0.637684
0.627952
0.655483
0.608599
0.602487
0.569645
0.549698
0.557633
0.570457
0.625566
0.62857
0.663499
0.604879
0.60292
0.533444
0.576102
0.534787
0.584771
0.624215
0.587284
0.634811
0.579717
0.634325
0.583733
0.607399
0.565251
0.555629
0.559675
0.573167
0.593535
0.595237
0.620584
0.603598
0.649976
0.626565
0.604006
0.572427
0.529172
0.560942
0.572619
0.640109
0.613773
0.662833
0.610052
0.580589
0.578826
0.536514
0.580413
0.550569
0.626968
0.592941
0.657036
0.613931
0.623944
0.562989
0.553579
0.534065
0.550149
0.606399
0.602373
0.614417
0.592836
0.617991
0.616152
0.61502
0.611425
0.539447
0.585942
0.537771
0.595957
0.596008
0.617342
0.610533
0.617332
0.626175
0.586851
0.605193
0.530906
0.569868
0.546165
0.617258
0.598946
0.670705
0.624703
0.601672
0.561296
0.527529
0.557782
0.566563
0.608144
0.621916
0.632904
0.648295
0.59677
0.620646
0.541748
0.563533
0.514864
0.595726
0.594391
0.622646
0.615808
0.594567
0.608689
0.594645
0.618715
0.566641
0.608411
0.538328
0.581321
0.572833
0.60731
0.615915
0.611911
0.645757
0.5921
0.605982
0.56439
0.55428
0.573482
0.584891
0.614499
0.633863
0.674066
0.597019
0.604628
0.516846
0.546456
0.534164
0.596788
0.607962
0.623275
0.653352
0.589963
0.647315
0.56642
0.558049
0.524087
0.565454
0.588419
0.611839
0.627695
0.594719
0.621441
0.601016
0.616847
0.588856
0.590726
0.579554
0.566207
0.591984
0.583304
0.633579
0.606232
0.641543
0.574795
0.606548
0.558157
0.547598
0.605405
0.553842
0.615072
0.592484
0.671805
0.619943
0.62494
0.542027
0.522444
0.527379
0.568352
0.601385
0.621482
0.646955
0.607909
0.63506
0.600845
0.585643
0.566155
0.542056
0.593956
0.582919
0.635439
0.606082
0.626442
0.599859
0.583437
0.586977
0.576474
0.614125
0.558543
0.59987
0.551881
0.618377
0.60507
0.648644
0.598667
0.597433
0.548273
0.53485
0.570027
0.564712
0.594332
0.599958
0.645125
0.657763
0.606196
0.602917
0.51398
0.55317
0.523923
0.587903
0.615353
0.649347
0.630118
0.615747
0.598302
0.559446
0.590981
0.544499
0.596031
0.573581
0.624454
0.588381
0.640952
0.597605
0.587819
0.584725
0.571549
0.593961
0.590546
0.592389
0.582564
0.592427
0.630412
0.609251
0.642893
0.58887
0.593747
0.519348
0.561381
0.547932
0.590495
0.611692
0.624912
0.646682
0.621515
0.623201
0.547936
0.571153
0.519588
0.556903
0.599609
0.6345
0.650116
0.619575
0.619881
0.567735
0.587651
0.571542
0.563002
0.598662
0.605322
0.612958
0.61319
0.641085
0.577657
0.600629
0.547477
0.588955
0.561466
0.588891
0.598125
0.57716
0.634366
0.582053
0.645838
0.611075
0.602939
0.54148
0.538444
0.542255
0.571716
0.614675
0.614622
0.648036
0.63769
0.630048
0.585441
0.568446
0.548122
0.538689
0.593082
0.614722
0.663943
0.61803
0.627845
0.56823
0.556276
0.574147
0.542216
0.623687
0.584377
0.623877
0.584344
0.633299
0.588846
0.616653
0.565476
0.560081
0.559519
0.573271
0.587957
0.590411
0.609711
0.590183
0.629016
0.646677
0.61325
0.602503
0.522193
0.555668
0.536986
0.609346
0.615745
0.63991
0.643204
0.613182
0.596803
0.554813
0.576221
0.527994
0.593292
0.581894
0.645157
0.625835
0.645153
0.582315
0.574806
0.540443
0.525927
0.588084
0.60312
0.619372
0.624808
0.600268
0.62209
0.586563
0.616626
0.540109
0.587294
0.544079
0.583483
0.587971
0.608725
0.604734
0.604126
0.629964
0.605427
0.627616
0.549518
0.567151
0.534074
0.586439
0.584786
0.628469
0.654611
0.62306
0.62437
0.561735
0.558235
0.555212
0.577259
0.599205
0.615549
0.657241
0.61736
0.636656
0.569357
0.571163
0.506455
0.565197
0.58104
0.618769
0.621981
0.597782
0.62392
0.580842
0.637299
0.561175
0.575667
0.553604
0.561163
0.586658
0.592985
0.613372
0.601257
0.638654
0.612439
0.629938
0.589091
0.551054
0.566636
0.563775
0.592812
0.60311
0.675479
0.62128
0.629266
0.547353
0.551485
0.547727
0.561174
0.622529
0.579026
0.659433
0.600645
0.648273
0.591656
0.5778
0.523782
0.536477
0.568546
0.597986
0.630577
0.604214
0.620265
0.606284
0.619194
0.589478
0.593776
0.591082
0.553027
0.59307
0.561653
0.618289
0.612715
0.631118
0.607869
0.595373
0.604483
0.544653
0.597091
0.544579
0.592549
0.568572
0.65402
0.629948
0.654095
0.576521
0.540818
0.528144
0.539196
0.58216
0.589249
0.643334
0.632103
0.627081
0.632909
0.559452
0.58078
0.517018
0.571922
0.558081
0.631294
0.614736
0.622915
0.617654
0.589698
0.588437
0.569627
0.619014
0.558239
0.599066
0.553547
0.604806
0.592002
0.640987
0.59791
0.606247
0.60338
0.550949
0.573373
0.572785
0.577279
0.600006
0.612982
0.656992
0.625968
0.637175
0.53918
0.564865
0.506746
0.562844
0.575289
0.637451
0.641962
0.622447
0.627454
0.574831
0.599908
0.540586
0.56552
0.550083
0.602727
0.616114
0.617821
0.637526
0.592366
0.607571
0.571737
0.601635
0.587641
0.589903
0.58483
0.582079
0.617817
0.604177
0.637931
0.597158
0.618174
0.537791
0.569505
0.542728
0.572319
0.611813
0.590835
0.655246
0.612983
0.658139
0.57229
0.561233
0.518705
0.530593
0.567426
0.612295
0.648204
0.629577
0.641393
0.592981
0.60358
0.571367
0.554724
0.568174
0.590048
0.618359
0.604629
0.649665
0.587266
0.608
0.569251
0.559168
0.597502
0.578898
0.616702
0.558463
0.621145
0.570447
0.634111
0.606703
0.631393
0.565528
0.548806
0.536321
0.557011
0.594019
0.598332
0.626441
0.633518
0.653765
0.615394
0.575019
0.568528
0.503054
0.572847
0.570322
0.642718
0.649613
0.64203
0.603656
0.577628
0.577195
0.537533
0.589976
0.574602
0.623237
0.583054
0.63802
0.594069
0.623486
0.57397
0.564031
0.555095
0.565829
0.596812
0.58517
0.608092
0.610089
0.589496
0.636918
0.605636
0.622365
0.542813
0.559354
0.522079
0.589258
0.594958
0.616855
0.639171
0.6312
0.620457
0.580759
0.589919
0.519095
0.568636
0.556341
0.616695
0.625655
0.651734
0.623904
0.588898
0.596943
0.53978
0.558121
0.595255
0.610178
0.620813
0.610459
0.625072
0.59604
0.622938
0.553839
0.577836
0.540704
0.585269
0.576583
0.607072
0.602556
0.588614
0.632305
0.597204
0.646976
0.579179
0.548479
0.530999
0.559422
0.582759
0.59951
0.646199
0.635425
0.645951
0.592588
0.584226
0.554887
0.551574
0.578436
0.584195
0.638161
0.635534
0.654333
0.594023
0.592523
0.512972
0.543776
0.579006
0.595091
0.653915
0.585543
0.631428
0.584957
0.629968
0.572765
0.569266
0.556137
0.561802
0.576513
0.593215
0.606143
0.593101
0.630001
0.614803
0.631707
0.612511
0.573946
0.565135
0.549286
0.577225
0.564392
0.643816
0.646651
0.637724
0.612023
0.553621
0.569807
0.539213
0.597923
0.552892
0.633825
0.605379
0.655828
0.614472
0.609635
0.536968
0.529527
0.541988
0.573665
0.620553
0.616137
0.624643
0.620153
0.607508
0.608779
0.55324
0.603864
0.53772
0.590666
0.562612
0.603441
0.611981
0.620865
0.615064
0.595709
0.617885
0.572243
0.597686
0.544981
0.576946
0.549802
0.627193
0.620068
0.656585
0.61408
0.569439
0.563028
0.541159
0.565091
0.58205
0.608703
0.644505
0.621078
0.64937
0.586193
0.595476
0.520563
0.561497
0.525742
0.608141
0.619295
0.624173
0.627814
0.59788
0.597093
0.570176
0.614224
0.55743
0.584
0.561766
0.578695
0.609871
0.610439
0.633938
0.598702
0.638915
0.583358
0.577894
0.577085
0.566243
0.579152
0.595792
0.637861
0.622553
0.663647
0.579022
0.580612
0.514734
0.543059
0.550946
0.600672
0.653005
0.610507
0.664873
0.586154
0.609444
0.553501
0.541025
0.526695
0.572643
0.611896
0.616581
0.644712
0.602043
0.612657
0.581116
0.60281
0.58578
0.578111
0.594628
0.574109
0.607046
0.59493
0.636951
0.592262
0.632642
0.583014
0.555883
0.594258
0.549588
0.608858
0.562065
0.631838
0.593319
0.668
0.609445
0.589446
0.536509
0.518785
0.539166
0.58208
0.628333
0.622852
0.657754
0.619204
0.613619
0.59134
0.54339
0.561672
0.538896
0.613836
0.593234
0.643027
0.624956
0.60532
0.59269
0.564218
0.584667
0.564926
0.623265
0.55932
0.6129
0.56743
0.622001
0.601281
0.636497
0.5848
0.568383
0.551974
0.544223
0.588367
0.582402
0.608513
0.630502
0.621722
0.651766
0.578883
0.596147
0.501266
0.548121
0.543636
0.613174
0.631125
0.653374
0.632772
0.596762
0.596297
0.543854
0.58007
0.542471
0.608147
0.581081
0.635598
0.609767
0.617967
0.609873
0.568289
0.585363
0.568765
0.591058
0.599481
0.603582
0.604091
0.584164
0.628661
0.602766
0.632888
0.562369
0.586201
0.516671
0.574214
0.576863
0.601813
0.619751
0.624399
0.647359
0.596721
0.625347
0.532674
0.532147
0.545414
0.572255
0.615941
0.641777
0.663701
0.611949
0.619781
0.551547
0.557163
0.570211
0.587573
0.606009
0.618327
0.630793
0.600952
0.637539
0.567618
0.579518
0.531523
0.571967
0.598608
0.595336
0.632025
0.560929
0.630282
0.59071
0.630564
0.590545
0.579164
0.533588
0.55027
0.569579
0.581983
0.624034
0.619914
