-5.52085
-5.52085
-5.52085
-5.52085
-5.52085
-5.52085
-5.52085
-5.52085
-5.52085
-5.52085
-5.52085
-5.52085
-5.52085
-5.52085
-5.52085
-5.52085
-5.52085
-5.52085
-5.52085
-5.52085
-5.52085
-5.52085
-5.52085
-5.52085
-5.52085
-5.52085
-5.52085
-5.52085
-5.52085
-5.52085
-5.52085
-5.52085
-5.52085
-5.52085
-5.52085
-5.52085
-5.52085
-5.52085
-5.52085
-5.52085
-5.52085
-5.52085
-5.52085
-5.52085
-5.52085
-5.52085
-5.52085
-5.52085
-5.52085
-5.52085
-5.52085
-5.52085
-5.52085
-5.52085
-5.52085
-5.52085
-5.52085
-5.52085
-5.52085
-5.52085
-5.52085
-5.52085
-5.52085
-5.52085
-5.52085
-5.52085
-5.52085
-5.52085
-5.52085
-5.52085
-5.52085
-5.52085
-5.52085
-5.52085
-5.52085
-5.52085
-5.52085
-5.52085
-5.52085
-5.52085
-5.52085
-5.52085
-5.52085
-5.52085
-5.52085
-5.52085
-5.52085
-5.52085
-5.52085
-5.52085
-0.13052
-0.13052
-0.13052
-0.13052
-4.82709
-4.82709
-4.82709
-4.82709
-4.82709
-4.82709
-4.82709
-4.82709
-4.82709
-4.82709
-4.82709
-4.82709
-4.82709
-4.82709
-4.82709
-4.82709
-4.82709
-4.82709
-4.82709
-4.82709
-4.82709
-4.82709
-4.82709
-4.82709
-4.82709
-4.82709
-4.82709
-4.82709
-4.82709
-4.82709
-4.82709
-4.82709
-4.82709
-4.82709
-4.82709
-4.82709
-4.82709
-0.300137
-0.300137
-0.300137
-0.300137
-0.300137
-0.226437
-0.226437
-0.795743
-1.28807
-1.53806
-1.58243
-1.93451
-1.91566
-1.83264
-1.61481
-1.60551
-1.63743
-1.61794
-1.62935
-1.71066
-1.62372
-1.69812
-1.71847
-1.67484
-1.64738
-1.51928
-1.70396
-1.72822
-1.80585
-1.65757
-1.71145
-1.83754
-1.84131
-2.07371
-4.429
-4.429
-2.89349
-2.00964
-1.88264
-1.86284
-1.83782
-1.88056
-1.85974
-1.81844
-1.74606
-1.78249
-1.77904
-1.82061
-4.14071
-1.95854
-1.7876
-1.8334
-1.78138
-1.81154
-1.82439
-1.89474
-1.84824
-1.80779
-1.81743
-1.8389
-1.90277
-1.93212
-1.83163
-1.85449
-2.0034
-1.96469
-1.91551
-1.84051
-1.86889
-1.95714
-2.009
-1.94159
-1.91028
-0.160859
-1.85954
-1.82901
-1.89736
-1.91448
-1.88889
-1.93873
-4.60364
-4.60364
-2.81767
-2.30395
-2.19483
-2.00756
-1.90356
-1.89252
-1.96149
-1.91421
-0.157653
-1.92901
-2.02202
-2.0015
-1.95988
-1.9364
-2.13319
-2.05689
-1.94934
-1.92686
-2.01221
-1.99986
-1.93611
-1.94709
-1.93805
-1.92134
-1.92983
-1.9212
-1.93034
-1.93539
-1.92936
-1.94715
-1.9428
-2.02011
-1.9369
-1.97694
-1.90335
-1.98319
-2.00448
-2.03062
-1.98968
-2.12751
-2.26824
-5.11708
-5.11708
-5.11708
-5.11708
-5.11708
-5.11708
-5.11708
-5.11708
-0.180505
-0.227872
-0.180505
-0.180505
-1.68098
-1.40241
-0.784733
-1.72477
-1.88277
-1.90084
-1.90084
-1.94787
-1.9952
-1.94646
-2.01632
-1.99738
-2.0653
-1.96361
-1.96696
-2.03912
-2.02755
-2.00669
-2.07792
-2.08206
-2.10587
-2.05724
-2.07308
-2.00873
-2.0012
-2.00599
-2.08557
-2.09364
-2.2822
-2.40994
-2.13
-2.05292
-2.10655
-1.97436
-1.98636
-2.01375
-1.99682
-2.02964
-1.99461
-2.04156
-1.94734
-1.94672
-1.99107
-1.9115
-2.00737
-1.99597
-1.99954
-2.02141
-1.98908
-2.00471
-2.00865
-2.01172
-2.08769
-2.01133
-1.983
-1.97515
-2.0009
-2.01953
-2.09936
-4.82709
-2.25084
-2.15979
-2.02367
-2.03425
-1.97075
-2.09342
-2.0597
-2.08077
-1.99285
-2.03779
-2.06137
-2.22563
-1.96661
-2.02555
-1.95763
-1.98679
-1.9658
-1.94877
-1.96506
-1.97763
-4.60364
-2.00983
-1.95026
-1.94266
-1.94809
-1.98123
-1.93559
-1.93943
-1.94326
-1.88627
-1.86659
-1.91771
-1.90849
-1.95376
-1.89989
-1.84922
-1.88465
-1.93146
-1.8984
-1.8818
-1.90355
-1.91572
-1.90942
-1.89751
-1.89561
-2.01252
-1.89371
-1.92479
-1.89291
-2.00039
-1.96499
-1.90989
-1.96188
-1.95067
-1.9066
-2.04079
-2.0313
-1.93208
-1.92763
-1.89826
-1.92467
-1.97987
-1.95607
-1.99021
-1.95461
-1.94139
-1.92676
-2.26598
-1.93651
-1.97389
-1.99567
-1.93496
-1.90475
-1.93872
-1.89607
-1.95003
-1.94202
-1.96268
-4.96177
-2.27652
-2.16782
-2.00954
-2.01384
-2.03155
-1.92512
-1.91167
-1.88639
-1.96095
-1.97747
-1.91794
-2.00295
-1.92996
-1.92288
-1.98489
-1.91541
-2.06429
-2.02146
-1.94194
-2.00198
-1.99805
-2.07559
-1.98704
-1.96559
-2.01745
-1.94254
-1.96418
-1.98676
-1.9805
-1.92738
-1.97646
-2.09284
-1.98127
-1.93479
-1.9396
-1.99329
-1.98882
-1.91955
-2.00905
-1.93139
-1.94085
-1.93848
-2.22019
-1.92247
-2.0014
-1.99057
-1.9451
-1.87328
-1.96033
-1.94584
-1.88587
-1.89341
-1.90908
-1.87265
-1.94386
-1.90002
-1.88907
-1.94508
-1.96564
-1.86792
-1.92746
-1.87861
-1.88341
-1.8752
-1.86827
-1.89984
-1.91868
-1.92259
-1.92868
-1.90589
-2.09982
-1.94833
-5.29755
-5.29755
-5.29755
-5.29755
-5.29755
-5.29755
-5.29755
-0.156125
-0.156125
-0.510408
-1.97673
-1.67731
-1.77076
-1.7444
-1.7634
-1.91337
-1.8089
-1.75623
-1.84957
-1.90833
-1.87624
-1.92011
-1.91103
-2.0478
-1.90813
-1.88332
-1.90242
-1.85977
-1.8672
-1.8163
-1.84904
-1.85118
-1.81272
-1.86501
-1.85382
-1.83636
-1.80957
-1.8483
-1.91584
-1.87133
-1.84641
-1.83036
-1.87357
-1.84073
-1.86131
-1.89368
-2.01285
-1.94964
-1.83954
-2.02162
-1.837
-1.97729
-1.85118
-1.87951
-1.87853
-1.94303
-1.89811
-1.94171
-1.8511
-1.82598
-1.89796
-1.8798
-1.89537
-1.85662
-1.85933
-1.8473
-1.9337
-1.85235
-1.79973
-1.77458
-1.89648
-1.96542
-4.96177
-2.27465
-2.00993
-1.8913
-1.86778
-1.88348
-1.86374
-1.8273
-1.85553
-1.90781
-1.82955
-1.82485
-1.81662
-1.80796
-1.87112
-1.83501
-1.79537
-1.80993
-1.8209
-1.87243
-1.81845
-1.79977
-1.76109
-1.84402
-1.87761
-1.82231
-1.75757
-1.75279
-1.77059
-1.78882
-1.79858
-1.82776
-1.82856
-1.75688
-1.73834
-1.81156
-1.74884
-1.73975
-1.79736
-1.80579
-1.76033
-1.80054
-1.84609
-1.83273
-1.83955
-1.76958
-1.77908
-1.73161
-1.76211
-1.77638
-1.78589
-1.73333
-1.7782
-3.99379
-1.81218
-1.722
-1.77837
-1.86289
-1.75228
-1.72802
-1.77443
-1.75627
-1.77176
-1.78034
-1.75667
-1.80609
-1.76461
-1.76334
-2.25967
-1.797
-1.7692
-1.76571
-1.74427
-1.81229
-1.77829
-1.78533
-1.75294
-1.73422
-1.76049
-1.73192
-1.79123
-1.76497
-1.80815
-1.75224
-1.71227
-1.71609
-1.70712
-1.7902
-1.71529
-1.81007
-1.74333
-1.7539
-1.76641
-1.71557
-1.75591
-1.74209
-1.83252
-1.78846
-1.71537
-1.79075
-1.77623
-1.78882
-1.83667
-1.84141
-1.80824
-1.84765
-1.90241
-1.82135
-5.80768
-5.80768
-5.80768
-5.80768
-5.80768
-5.80768
-5.80768
-5.80768
-5.80768
-5.80768
-5.80768
-5.80768
-5.80768
-5.80768
-5.80768
-5.80768
-5.80768
-5.80768
-5.80768
-5.80768
-5.80768
-5.80768
-5.80768
-5.80768
-5.80768
-5.80768
-5.80768
-0.0674413
-0.0670756
-0.0674413
-0.0674413
-0.0670756
-0.0670756
-5.11708
-5.11708
-5.11708
-5.11708
-5.11708
-5.11708
-5.11708
-0.180505
-0.180505
-0.888735
-1.17386
-1.06526
-1.20059
-0.979228
-1.18301
-1.27211
-1.27546
-1.24046
-4.70815
-1.43083
-0.0523754
-1.21753
-0.117934
-1.41833
-1.64131
-1.66842
-1.60852
-1.68332
-1.67014
-1.76311
-1.68786
-1.65573
-1.7648
-1.73181
-1.78271
-1.74253
-1.66336
-1.69233
-1.70518
-1.68254
-1.65905
-1.64252
-1.70005
-1.73119
-1.81767
-1.65024
-1.67526
-1.67326
-1.67242
-1.73234
-1.6456
-1.82783
-1.77012
-1.65884
-1.73582
-1.69079
-1.66319
-1.63046
-1.59558
-1.67612
-1.66915
-1.65323
-1.64921
-1.61318
-1.62041
-1.61758
-1.62444
-1.63418
-1.6569
-1.67807
-1.6694
-1.65272
-1.61633
-1.65688
-1.65473
-1.56581
-1.67292
-1.61295
-1.62814
-1.68016
-1.67935
-1.6672
-1.62315
-1.70435
-1.54122
-2.26249
-1.60961
-1.62817
-1.66223
-1.56898
-1.64406
-1.53998
-1.59741
-1.58121
-1.55183
-1.61943
-1.54203
-1.61273
-1.54028
-1.61822
-1.56759
-1.58247
-1.55892
-1.54606
-1.64242
-1.57195
-1.57762
-1.57782
-1.60064
-4.82709
-1.60311
-1.56484
-1.54838
-1.5614
-1.62836
-1.58786
-1.64786
-1.5324
-1.54246
-1.5126
-1.54178
-1.82899
-5.29755
-1.78829
-1.95983
-1.6054
-1.65564
-1.55954
-1.53932
-1.60115
-1.57111
-1.59235
-1.54266
-1.55373
-1.58535
-1.59633
-1.60404
-1.61493
-1.52737
-1.57314
-1.54526
-1.6143
-1.50461
-1.60749
-1.5671
-1.52756
-1.57004
-1.51682
-1.52442
-1.56797
-1.56309
-1.54562
-1.5424
-1.56335
-1.53937
-1.51055
-1.50334
-1.59678
-1.58813
-1.52807
-1.53506
-1.5278
-1.54305
-1.52765
-1.63791
-1.55373
-1.51467
-1.54746
-1.52965
-1.51879
-1.52744
-1.61992
-1.55363
-1.52381
-1.50559
-1.51963
-1.56862
-1.49708
-1.55159
-1.52868
-1.50566
-1.49556
-1.49566
-1.46626
-1.54154
-1.72238
-1.53255
-1.55921
-1.56198
-1.55659
-1.57759
-1.52072
-1.51997
-1.53234
-1.58214
-1.50692
-1.47687
-1.50253
-1.51179
-1.52044
-1.51568
-1.49053
-1.50187
-1.5048
-1.46656
-1.53247
-1.51919
-1.50937
-1.5373
-1.4963
-1.50164
-1.47284
-1.49295
-1.47584
-1.47776
-1.44778
-1.49291
-1.49602
-1.51032
-1.58193
-1.50158
-1.52704
-1.45679
-1.46089
-1.52553
-1.50571
-1.50128
-1.46767
-1.549
-1.521
-1.67183
-5.52085
-5.52085
-1.51903
-1.57199
-1.5097
-1.49007
-1.55906
-1.54263
-1.50348
-1.51246
-1.5071
-1.47969
-1.45057
-1.50839
-1.4806
-1.52508
-1.46109
-1.9741
-1.52949
-1.46852
-1.49687
-1.47091
-1.43981
-1.4582
-1.50428
-1.47358
-1.48832
-1.45449
-1.43693
-1.43913
-1.46771
-1.45249
-1.48891
-1.4141
-1.45007
-1.46452
-1.43846
-1.42243
-1.49112
-1.46386
-1.47866
-1.44491
-1.46226
-1.46428
-1.45068
-1.43262
-1.43697
-1.40368
-1.42985
-1.44253
-1.45554
-1.40837
-1.44932
-1.37994
-1.43832
-1.40532
-1.42006
-1.4282
-1.4051
-1.46195
-1.54289
-1.39384
-1.53961
-1.41219
-1.41918
-1.41805
-1.47533
-1.3433
-1.43385
-1.38444
-1.40457
-1.38393
-1.36178
-1.37288
-1.31503
-1.37891
-1.40329
-1.35287
