7.08828
7.08745
7.08828
7.08661
7.08661
7.08661
7.08661
7.08661
7.08494
7.08494
7.08494
7.08326
7.08326
7.0799
7.0821
7.07535
6.38325
6.37135
6.36104
6.36832
6.34185
6.28198
6.34887
6.32271
6.36104
6.35451
6.34185
6.36621
6.36964
6.33367
6.36037
6.34994
6.34361
6.37817
6.36792
6.37411
6.37817
6.30917
6.35905
6.34028
6.35559
6.36964
6.34588
6.35691
6.38156
6.34796
6.37647
6.36898
6.38325
6.38156
6.34048
6.38156
6.37069
6.36898
6.32691
6.37986
6.37817
6.37817
6.36939
6.27015
6.37175
6.34386
6.38325
6.38494
6.38494
6.34855
3.91198
6.37476
6.36316
6.38325
6.36442
6.37192
6.37686
6.35781
6.37476
6.3515
6.30494
6.3809
6.37175
6.21413
6.34488
6.36893
6.37686
6.3883
6.38662
6.38662
6.33937
6.37488
6.36093
6.3681
6.38325
6.38662
6.3645
6.36964
6.38156
3.89216
6.38998
6.38494
6.37598
6.36982
6.38998
6.36467
6.37175
6.38325
6.38494
6.37363
6.38998
6.38445
6.3809
6.38494
6.3883
6.37647
6.3883
6.38998
6.38662
6.37281
6.29545
6.38429
6.35291
6.3883
6.36913
6.38998
6.37921
6.3681
6.3883
6.38597
6.3883
6.3883
6.38429
6.38494
6.38494
6.3883
6.34812
6.3883
6.33449
6.37937
6.38998
6.38325
6.3883
6.38276
6.38662
6.38276
6.38325
6.3809
6.38156
6.38597
6.38494
6.38998
6.38998
6.3883
6.3809
6.38026
6.3883
6.3826
6.37235
6.37792
6.37986
6.38597
6.38429
6.37021
6.38998
6.38597
6.3656
6.37558
6.38325
6.38662
6.38494
6.38494
6.36919
3.89805
6.3883
6.38998
6.38766
6.38766
6.38429
6.39166
6.38429
6.38662
6.38107
6.38325
6.3721
6.38195
6.37986
6.38429
6.38212
6.38429
6.38494
6.3826
6.38998
6.3883
6.37664
6.38998
6.37979
6.38597
6.38325
6.3883
6.37494
6.39166
6.38494
6.38998
6.38107
6.38998
6.37856
6.3711
3.88579
6.38494
6.37219
6.3883
6.38662
6.39166
6.38597
6.38494
6.3883
6.37873
6.3883
6.36705
6.38998
6.38662
6.3809
6.38662
6.38998
6.37324
6.3883
6.39166
6.3883
6.38445
6.38445
6.3883
6.3883
6.3826
3.88479
6.3883
6.38533
6.38998
6.38998
6.37048
6.3883
6.39166
6.38998
6.34496
6.38998
6.3826
6.37192
6.38429
6.38325
6.38469
6.38998
6.38998
