-3.03495
-3.08337
-3.13518
-3.14887
-3.12749
-3.14451
-3.07007
-3.16004
-3.1555
-3.15426
-3.12625
-3.1427
-3.15578
-3.14177
-3.11819
-3.1147
-3.15084
-3.04141
-3.15889
-2.96367
-2.98612
-2.94619
-3.05473
-2.83779
-2.93678
-3.04826
-3.14681
-2.99841
-3.13979
-3.1393
-3.13254
-3.07884
-2.88946
-3.00575
-3.13999
-3.14019
-2.79644
-2.59251
-2.90104
-2.79678
-2.81592
-2.81192
-3.12478
-2.6835
-2.83324
-3.02079
-3.13903
-2.75913
-2.4765
-2.99763
-2.64808
-2.93545
-3.16382
-3.00297
-3.08421
-2.77695
-2.64103
-2.39308
-3.09921
-2.73784
-2.76401
-2.76023
-2.69463
-3.05873
-2.4885
-2.79269
-2.71174
-2.7202
-2.50376
-3.15231
-2.86813
-2.7836
-3.11517
-2.77555
-2.72096
-3.14826
-2.84114
-2.75416
-2.83583
-2.84885
-2.95291
-2.4179
-2.93173
-2.70299
-2.55518
-3.06089
-2.73444
-2.98244
-2.93158
-2.75291
-2.7386
-2.33159
-2.45702
-2.68753
-2.70562
-2.97756
-2.83066
-2.5244
-2.23945
-2.67946
-2.56912
-2.13572
-2.48451
-2.06339
-2.12178
-2.89819
-2.63356
-2.40195
-2.30047
-2.78501
-2.45622
-2.99536
-3.02309
-2.68239
-2.32704
-2.55926
-2.53796
-2.88175
-1.94653
-2.9627
-2.29381
-2.04445
-2.50616
-2.58018
-2.5562
-2.26021
-2.53166
-2.84715
-2.07848
-2.33282
-2.38785
-2.88193
-2.37257
-2.54904
-2.3033
-2.36428
-2.70047
-2.60177
-2.06382
-2.24771
-1.99962
-2.45862
-2.87869
-2.56181
-2.03706
-2.98111
-2.90737
-2.59008
-2.49926
-2.38963
-2.02054
-2.37103
-2.50886
-2.78325
-3.16673
-2.00861
-2.42654
-2.80625
-2.02853
-2.92316
-3.02115
-2.3846
-2.31472
-2.08882
-2.07912
-2.59576
-2.35785
-2.41736
-2.64246
-2.20223
-2.72019
-2.14142
-2.31768
-2.90631
-2.24955
-2.37375
-2.50407
-2.01196
-2.69709
-2.48267
-1.98184
-2.13651
-2.50755
-2.21844
-2.8717
-2.339
-2.62874
-2.1599
-2.43945
-2.45917
-2.05501
-2.3625
-2.97273
-2.0817
-2.30707
-2.16208
-2.74113
-2.21626
-2.09397
-2.58665
-2.13918
-2.40694
-2.31709
-3.22861
-2.68526
-2.68677
-2.6622
-2.08754
-2.69067
-2.28772
-2.46808
-2.13575
-2.59011
-2.45851
-2.19312
-2.03715
-2.04167
-2.32872
-2.39022
-3.02059
-2.18858
-2.40963
-2.59576
-3.64244
-2.81428
-2.35261
-2.34263
-2.41253
-2.27767
-2.39688
-3.33317
-2.5721
-1.97348
-2.66165
-3.44758
-2.5924
-2.23573
-2.36391
-2.45877
-3.35576
-3.94375
-2.49307
-2.11311
-3.21609
-2.18906
-2.16283
-2.90439
-3.39574
-3.21935
-2.382
-2.50481
-1.94301
-2.64869
-2.30991
-2.16975
-2.0189
-2.20037
-2.1754
-2.5644
-1.95905
-2.90905
-2.34959
-2.86117
-2.2935
-2.55673
-3.65648
-3.55421
-3.0953
-2.54936
-2.67159
-2.43322
-2.35045
-2.81121
-3.07725
-3.86632
-4.03083
-2.52929
-2.87147
-2.32128
-2.47646
-2.74354
-2.72497
-2.57872
-3.77112
-3.51243
-2.48666
-3.24202
-2.22431
-3.57868
-2.09298
-2.70914
-1.98901
-2.15912
-2.57453
-2.67867
-3.18701
-2.23995
-3.09788
-2.38285
-2.40581
-3.35445
-2.99137
-2.38463
-3.28866
-3.03824
-2.61034
-3.23911
-2.77685
-2.59033
-1.86203
-2.28986
-4.00066
-3.04491
-2.99399
-3.12087
-2.1399
-3.54007
-3.14508
-3.00199
-2.61767
-3.14181
-3.45705
-3.1934
-4.13049
-3.09285
-2.7692
-2.76369
-3.06
-3.00964
-3.06658
-2.23858
-2.81061
-3.07606
-2.17113
-1.95646
-2.90704
-2.36513
-3.58006
-2.71465
-3.11016
-2.48342
-2.84699
-3.29347
-2.22116
-3.3688
-2.4569
-2.22359
-3.13255
-2.62252
-3.16777
-2.9863
-3.59356
-2.66249
-3.48546
-2.49471
-2.71166
-3.54624
-2.52336
-3.2339
-3.43381
-2.0588
-3.73695
-2.43618
-2.72319
-3.0486
-2.24586
-2.45897
-2.42782
-4.1569
-3.44484
-3.15974
-2.80483
-3.23166
-4.05032
-3.94807
-2.63329
-3.47274
-2.3089
-2.40067
-3.79189
-3.22127
-3.52082
-2.75689
-2.57464
-2.31576
-3.59421
-2.55959
-2.16387
-2.20123
-2.61434
-3.30178
-2.18996
-2.82675
-2.00734
-2.21084
-3.91161
-2.5383
-6.38197
-2.44792
-3.47503
-3.87307
-3.7225
-3.32731
-4.13787
-4.13268
-3.86874
-3.15087
-2.28246
-2.69815
-2.86468
-3.72499
-3.56807
-3.53935
-3.10873
-2.7471
-2.66724
-3.98033
-3.7808
-2.63428
-3.46021
-2.55629
-3.02009
-3.43253
-2.19901
-2.99996
-3.76293
-3.19756
-2.09211
-3.37213
-3.48875
-3.23274
-3.3967
-3.26618
-2.60747
-3.62762
-4.50833
-3.59277
-2.72908
-3.21632
-4.22079
-3.21722
-3.54708
-3.36695
-3.01891
-4.21776
-3.08518
-2.9959
-2.41542
-3.24126
-2.42946
-3.44798
-2.63047
-3.70745
-2.56311
-3.02659
-2.82199
-2.83394
-3.50686
-3.47682
-2.32169
-3.55938
-3.57077
-4.09357
-3.85422
-3.59434
-2.73065
-3.44721
-4.42589
-2.66678
-2.53798
-2.7084
-2.66456
-2.99128
-3.67251
-3.65346
-6.59204
-2.42436
-3.64022
-3.16745
-3.14794
-3.84757
-2.82917
-3.3029
-3.69462
-3.63858
-2.81064
-3.26676
-3.35919
-3.36669
-2.2994
-3.45971
-4.30424
-3.67842
-4.11289
-3.14078
-3.23743
-3.66476
-4.23411
-2.66855
-3.0698
-3.47809
-3.7113
-3.70569
-4.22646
-4.09629
-2.85727
-3.32628
-3.3826
-3.49774
-2.6906
-3.45918
-3.01603
-3.09314
-3.32361
-2.5487
-2.86388
-3.97663
-3.76045
-3.57229
-5.35057
-3.17907
-3.56091
-2.85768
-3.42316
-3.47237
-3.88201
-2.81144
-3.35219
-3.74737
-2.87346
-2.88936
-3.23435
-3.91415
-2.05008
-1.98288
-5.76072
-2.97391
-3.86623
-3.69854
-3.91138
-3.06025
-2.65011
-3.4845
-3.15055
-2.30447
-3.74436
-3.78712
-6.0685
-3.84692
-4.00564
-3.10011
-3.28362
-4.00748
-3.59313
-3.23499
-3.47431
-3.59784
-3.57925
-2.73024
-3.19914
-3.39726
-3.55834
-2.69147
-3.18182
-2.97223
-3.97562
-2.21444
-2.85154
-2.72677
-3.49071
-3.52867
-4.54482
-3.11583
-2.67133
-3.3268
-3.39991
-4.25848
-3.64908
-3.3143
-2.58203
-4.18211
-3.51363
-2.91993
-3.46175
-3.28098
-2.57114
-3.35071
-4.34816
-2.80793
-3.47368
-4.0537
-6.54197
-3.2741
-2.82347
-2.91155
-2.70892
-3.50007
-3.24202
-5.96531
-4.57666
-3.36123
-3.38326
-3.77762
-3.38356
-3.15993
-3.35815
-4.02827
-3.24578
-4.00832
-3.48034
-3.29558
-3.52384
-3.76013
-3.78983
-3.67967
-5.10627
-3.26969
-2.48841
-3.8212
-2.86265
-2.88798
-3.87543
-2.74413
-4.08904
-3.59453
-3.59278
-2.93003
-3.13414
-2.99979
-3.62103
-3.17566
-3.50189
-3.68047
-3.84177
-6.1674
-3.39197
-3.47075
-3.56483
-4.44921
-4.07003
-3.62756
-3.28057
-2.19678
-3.36759
-3.84489
-3.49194
-3.72158
-4.08014
-3.57342
-2.83454
-2.04991
-3.27753
-3.43755
-3.70225
-3.67433
-3.16216
-3.28598
-3.13653
-2.75823
-3.1988
-3.68197
-3.51507
-3.42526
-3.15376
-3.17416
-3.012
-3.9142
-3.60749
-3.14431
-3.74812
-2.96625
-3.2086
-3.49034
-3.07798
-3.79263
-3.84213
-4.4345
-3.24417
-3.10712
-4.44575
-3.40002
-3.71141
-3.57496
-3.74248
-3.75717
-3.45431
-4.01579
-4.16651
-3.00787
-4.21066
-2.84386
-3.97997
-2.97161
-3.6736
-3.56335
-3.88509
-2.80114
-4.35157
-3.37701
-3.19845
-3.39786
-3.12777
-3.8375
-3.20645
-3.83653
-3.04444
-4.38109
-3.70841
-3.1028
-4.03071
-4.36658
-3.64333
-2.42369
-6.58961
-3.74465
-3.61042
-3.69284
-3.39055
-2.3504
-3.3452
-4.12503
-2.99106
-5.76233
-3.46696
-3.64078
-4.48225
-3.80653
-3.89917
-2.96286
-3.54243
-3.47405
-2.52035
-3.72948
-3.99873
-3.46029
-3.32722
-2.83671
-3.85319
-3.36241
-3.97323
-3.15683
-3.64186
-3.53825
-3.50392
-3.72571
-3.54961
-3.96089
-6.49761
-4.00293
-2.47729
-2.34521
-2.67266
-2.83793
-3.99432
-5.70051
-3.15472
-3.61292
-4.21714
-2.41227
-3.35518
-4.12396
-3.35736
-4.02334
-4.04471
-3.94648
-3.14085
-4.02304
-3.64844
-3.24135
-6.55665
-4.33425
-3.42968
-3.6356
-6.18479
-5.81244
-6.56805
-3.00408
-3.66463
-4.22097
-5.71109
-4.04075
-3.4073
-4.22352
-4.18938
-2.60491
-3.06083
-3.87287
-2.66793
-3.9243
-3.18315
-4.02289
-3.36556
-4.18861
-4.41319
-6.05136
-2.94205
-4.52563
-4.39783
-2.86956
-4.40727
-2.971
-2.60794
-3.92897
-3.32072
-2.69463
-5.23412
-2.95947
-4.53172
-3.6105
-3.37499
-3.77393
-3.69468
-2.31835
-6.32876
-3.58524
-3.527
-3.38457
-6.59235
-3.54259
-3.73244
-3.15755
-4.12405
-3.94037
-3.39401
-4.09492
-3.53855
-2.55211
-3.80764
-2.73801
-3.41894
-2.75542
-6.44511
-3.14243
-3.41152
-3.65483
-3.82772
-3.97987
-2.09558
-3.69221
-2.9467
-3.93348
-3.36218
-2.99315
-3.17894
-3.35964
-3.3083
-6.03003
-4.13128
-6.54573
-3.84461
-3.41546
-4.80059
-3.29374
-3.86757
-5.3063
-4.50406
-3.13798
-3.3456
-3.96545
-6.26676
-3.64261
-6.5429
-4.27326
-3.57198
-6.59887
-3.92359
-4.13875
-3.80914
-6.44425
-3.38005
-3.24728
-4.49164
-1.9653
-4.4485
-2.87946
-4.00554
-3.8446
-2.33391
-4.05876
-2.23199
-3.67915
-3.60456
-3.54081
-2.92849
-4.28924
-3.62909
-2.82536
-3.18966
-3.29645
-4.57222
-6.42437
-3.20043
-6.30505
-3.3872
-4.22129
-4.21885
-4.39108
-3.42229
-3.64407
-3.39044
-4.22105
-4.02642
-3.18428
-4.38252
-6.50227
-3.81976
-2.93523
-3.17372
-4.23659
-3.98513
-3.68675
-2.92396
-4.123
-3.80255
-3.45175
-3.83847
-3.81134
-3.93776
-3.89939
-3.91506
-3.14603
-2.51731
-4.43573
-4.21791
-6.42065
-3.82212
-4.54778
-3.21873
-3.85669
-4.03899
-3.391
-3.96587
-3.95651
-6.45074
-3.14005
-3.84753
-6.08169
-4.30914
-3.39302
-4.0873
-3.88684
-3.92012
-5.93869
-3.11111
-2.75824
-3.87599
-3.62976
-3.30263
-3.27328
-4.31274
-3.72041
-6.67163
-2.98937
-3.23017
-3.73594
-4.22535
-4.35758
-4.38696
-6.43426
-4.24776
-4.25765
-2.96613
-2.64183
-3.76301
-3.89224
-3.82036
-3.35245
-6.47625
-3.59268
-4.23547
-4.09658
-3.61344
-4.11924
-3.84131
-4.26168
-3.99351
-3.72607
-2.61069
-3.6115
-4.32296
-4.81767
-3.92043
-3.97485
-6.58364
-3.1136
-4.30109
-3.62151
-4.04882
-3.16423
-3.64972
-3.43404
-3.9995
-2.70544
-3.80022
-3.48173
-3.57399
-3.68469
-3.49636
-6.55468
-3.26495
