-6.9056
-4.90635
-4.68306
-4.61933
-6.46097
-6.58456
-6.64325
-5.42212
-6.82621
-6.74473
-6.68423
-5.8829
-6.74252
-6.5113
-6.80233
-6.83568
-6.8597
-6.40411
-6.77159
-6.82963
-6.64098
-6.82187
-6.79313
-6.75514
-6.30343
-6.78338
-6.70007
-6.85695
-6.87467
-6.85218
-6.88535
-6.86677
-6.65758
-6.81943
-6.88331
-6.72256
-6.87093
-6.88433
-6.87714
-6.87571
-6.33154
-6.87404
-6.82446
-6.86155
-6.88433
-6.87714
-6.43054
-6.86364
-6.86469
-6.8576
-6.86886
-6.89249
-6.88433
-6.8792
-6.8935
-6.84424
-6.89755
-6.88125
-6.68118
-6.89553
-6.88842
-6.88944
-6.89451
-6.8792
-6.86573
-6.84328
-6.87714
-6.84088
-6.84874
-6.88433
-6.89957
-6.76266
-5.86104
-6.87301
-6.86781
-6.8874
-6.4512
-6.8935
-6.89045
-6.89654
-6.7829
-6.89654
-6.88331
-6.88125
-6.87093
-6.44997
-6.87611
-6.89654
-6.85127
-6.08663
-6.88842
-6.89249
-6.76411
-6.89553
-6.85419
-6.8935
-6.89249
-6.89654
-6.8935
-6.89856
-6.89654
-6.90158
-6.86374
-6.88228
-6.90058
-6.8792
-6.89451
-6.81159
-6.83941
-6.89755
-6.89451
-6.88331
-6.88071
-6.87477
-6.89755
-6.89755
-6.8935
-6.87817
-6.89957
-6.89147
-6.8935
-6.90058
-6.90058
-6.90259
-6.89553
-6.89957
-6.90058
-6.86677
-6.90058
-6.89957
-6.89957
-6.89045
-6.89108
-6.84556
-6.87714
-6.89856
-6.89856
-6.84572
-6.8935
-6.90058
-6.89856
-6.887
-6.89045
-6.89654
-6.88228
-6.89957
-6.89147
-6.89755
-6.90058
-6.89654
-6.89957
-6.89412
-6.89957
-6.89654
-6.90359
-6.88944
-6.89451
-6.89249
-6.89755
-6.89716
-6.89451
-5.96123
-6.63127
-6.89451
-6.79662
-6.85397
-6.87404
-5.09585
-6.90158
-6.86469
-6.88622
-6.89553
-6.89856
-6.89755
-6.89654
-6.8874
-6.88377
-6.89957
-6.90058
-6.87581
-6.89856
-6.89654
-6.83717
-6.90058
-6.67659
-6.90158
-6.01567
-6.89856
-6.90158
-6.8935
-6.89451
-6.87891
-6.90158
-6.89553
-6.8788
-6.89957
-6.89856
-6.90158
-6.54038
-6.86348
-6.90158
-6.89856
-6.89957
-6.89108
-6.90359
-6.80345
-6.90058
-4.33202
-6.88457
-6.90158
-6.89045
-6.90058
-6.89856
-6.8935
-6.89553
-6.887
-6.89856
-6.89755
-6.89755
-6.90359
-6.90158
-6.89654
-6.88842
-6.90158
-6.73999
-6.88276
-6.88875
-6.90058
-5.92029
-6.90058
-6.89615
-6.89856
-6.89006
-6.81872
-6.90058
-6.89716
-6.89957
-6.90158
-6.88301
-6.90158
-6.90359
-6.90058
-6.87659
-6.90158
-6.8935
-6.89514
-6.89553
-6.89957
-6.90058
-6.8874
-6.77
-6.89553
-6.90158
-6.82689
-6.89856
-6.88535
-6.87492
-6.89856
-6.88842
-6.87784
-6.89755
-6.89553
-6.89553
-6.8935
-6.88763
-6.9046
-6.89957
-6.88944
-6.89209
-6.90058
-6.89654
-6.90058
-6.90058
-6.88028
-6.90259
-6.9046
-6.90259
-6.87714
-6.89045
-6.90058
-6.89856
-6.89957
-6.88331
-6.90158
-6.90359
-6.8874
-6.8792
-6.89957
-6.90058
-6.72856
-6.89957
-6.8227
-6.89957
-6.90058
-6.90158
-6.90359
-6.90058
-6.90259
-6.90058
-4.15421
-6.90259
-6.89755
-6.88433
-6.9046
-6.90158
-6.90259
-6.90158
-6.88329
-6.89451
-6.88637
-6.88637
-6.9046
-6.89856
-6.90359
-6.89957
-6.89957
-6.89957
-6.89321
-6.90259
-6.87611
-6.89755
-6.90058
-6.90359
-6.90359
-6.89514
-6.90259
-6.89553
-6.86322
-6.89957
-6.90158
-6.90058
-6.88977
-6.90158
-6.90158
-6.90058
-6.90158
-6.89957
-6.90259
-4.31699
-6.90058
-6.88046
-6.85521
-6.90058
-4.39349
-6.9046
-6.89755
-6.89755
-6.90058
-6.90259
-6.90259
-6.90259
-6.89654
-6.89957
-6.89817
-6.90158
-6.90058
-6.90058
-6.89856
-6.90359
-6.90259
-6.89957
-6.90158
-6.89856
-4.14821
-6.90359
-6.89108
-6.90259
-6.89856
-6.90058
-6.90058
-6.90359
-4.15402
-6.90259
-6.90359
-6.90058
-6.90158
-6.90259
-6.89451
-6.90158
-6.89856
-6.77288
-6.9046
-6.90158
-6.90158
-6.90359
-3.40699
-6.90058
-4.16918
-6.89957
-6.90259
-6.90359
-6.90158
-4.13694
-6.8388
-6.89553
-6.9046
-6.75982
-4.14503
-6.8874
-6.90259
-6.89957
-6.90259
-6.90359
-6.90259
-6.90359
-6.90058
-6.90158
-4.16623
-6.89451
-6.89755
-6.90359
-6.9046
-6.90158
-6.90158
-6.90259
-6.90058
-6.89475
-6.90259
-6.90359
-6.90359
-6.90058
-6.89553
-4.15514
-6.88228
-4.14641
-6.90259
-6.89755
-6.88944
-6.90158
-4.16839
-6.90359
-6.9046
-6.88086
-6.90019
-6.90058
-6.90359
-6.89957
-6.90259
-6.90259
-6.9046
-6.90158
-6.90359
-6.90058
-6.89755
-6.90359
-6.90158
-6.90359
-6.89451
-6.90158
-6.90058
-6.90158
-6.90158
-6.90359
-6.90158
-6.90259
-4.19463
-6.88466
-6.90058
-6.9046
-6.8935
-6.90058
-6.9046
-6.89856
-6.90259
-6.90158
-6.89451
-6.90158
-6.90259
-6.90259
-6.81436
-6.89957
-6.90158
-4.13808
-6.90359
-6.90259
-6.90359
-6.89755
-6.90359
-6.90359
-6.89654
-6.90259
-6.89957
-6.90359
-6.9056
-6.90259
-6.89412
-4.12649
-4.14369
-6.90359
-6.86487
-6.89249
-6.90359
-6.90259
-6.90259
-6.90259
-6.89311
-6.90259
-6.90259
-6.89147
-6.90259
-6.90359
-6.9046
-6.90158
-6.90158
-6.90058
-6.89856
-6.90259
-3.81256
-6.87467
-4.14305
-6.90259
-6.90259
-3.40806
-6.90158
-6.90259
-6.89451
-6.9046
-4.13859
-6.90259
-6.90359
-6.89451
-6.90158
-6.90259
-6.90359
-6.90158
-4.13859
-6.89957
-6.90259
-6.90259
-4.20273
-4.16211
-6.90158
-6.90158
-6.89957
-6.90158
-6.90259
-6.90259
-6.90158
-6.90259
-6.90359
-6.89654
-6.89957
-6.90158
-6.89856
-6.90058
-6.9046
-6.9046
-6.9022
-6.90259
-6.9046
-6.89654
-6.90058
-6.90359
-6.90158
-6.89755
-6.90058
-6.9046
-6.89918
-6.90158
-4.14075
-6.90259
-6.90359
-6.89918
-4.16035
-6.89755
-6.90359
-6.90058
-6.90158
-6.89957
-6.8935
-6.90259
-6.9046
-6.89677
-6.89514
-6.90259
-6.8593
-6.90158
-6.90158
-6.90158
-4.158
-6.90158
-6.90058
-4.17487
-6.90158
-6.90359
-6.90259
-6.90359
-6.9046
-6.89957
-6.90158
-6.89856
-6.90359
-6.90359
-6.89755
-6.89108
-6.90259
-6.90359
-6.90359
-6.90359
-6.90359
-6.90058
-6.90359
-4.14454
-6.90359
-6.88987
-4.13706
-6.90259
-6.90359
-6.9046
-6.90158
-6.9056
-6.90259
-3.39689
-6.90158
-4.13225
-6.90158
-4.14173
-6.90259
-4.14865
-6.89755
-6.90259
-6.9046
-4.20894
-6.90058
-6.89687
-6.90359
-6.89817
-6.90058
-6.90058
-6.9046
-6.9046
-6.90359
-6.90158
-6.90359
-6.9046
-6.76356
-6.90259
-4.13808
-6.9046
-6.9046
-6.90259
-6.90058
-6.89045
-4.15112
-6.90259
-6.90158
-6.90058
-6.90359
-6.9046
-6.88944
-6.89716
-6.90058
-6.90058
-6.89817
-6.90259
-6.90359
-6.78085
-6.90259
-6.88763
-4.31992
-6.90259
-6.89412
-6.90058
-6.90058
-4.17288
-6.8935
-6.90359
-4.13909
-4.25647
-6.90158
-6.90359
-6.9046
-6.90158
-6.90259
-6.90158
-6.9046
-6.90259
-6.90058
-6.90158
-6.90259
-6.89272
-6.90259
-6.90359
-4.16665
-4.13757
-6.90158
-6.90158
-6.9056
-6.90259
-6.9046
-4.15392
-6.90259
-6.88159
-6.90359
-6.90158
-6.90158
-4.14746
-6.90259
-6.90158
-6.90058
-6.89514
-4.14123
-6.89755
-6.9046
-6.90359
-6.90158
-6.90158
-6.90359
-6.89654
-6.9046
-4.13808
-6.90359
-6.90058
-6.90359
-6.90359
-6.90058
-6.90359
-6.90359
-6.90158
-6.90158
-6.90259
-4.13706
-6.90359
-6.90259
-4.16542
-6.9046
-6.90359
-6.90359
-6.89856
-6.89957
-6.90158
-6.89957
-6.89957
-6.90359
-6.90158
-6.90359
-6.90158
-6.9056
-6.89553
-6.90359
-4.15396
-6.90158
-6.90359
-6.90058
-4.13604
-6.90359
-6.9046
-6.9046
-6.90259
-4.19172
-6.89716
-6.89957
-4.1303
-6.90158
-4.13859
-6.8935
-6.88023
-6.9046
-6.89209
-6.89209
-6.90359
-6.90359
-6.89654
-6.90158
-6.90158
-6.90259
-6.90158
-6.89856
-4.18093
-6.90058
-6.90259
-6.90359
-6.90359
-6.90359
-6.89755
-6.9056
-6.90058
-6.9046
-6.9046
-6.87507
-6.89957
-6.86726
-6.90158
-4.13634
-6.89957
-6.90259
-6.90158
-6.90259
-6.90158
-6.89856
-6.90259
-6.9046
-6.90158
-6.90359
-6.90158
-6.90259
-6.90359
-4.13757
-6.90058
-6.9046
-6.89755
-6.90259
-4.13847
-4.14557
-6.89451
-6.90259
-6.89957
-6.90359
-6.89654
-3.41374
-6.90158
-6.89755
-4.1666
-6.9056
-6.9046
-6.90259
-6.84728
-4.1396
-6.90158
-3.60079
-6.88842
-6.90359
-4.13757
-6.90058
-6.90158
-6.84048
-4.21077
-4.16385
-6.89755
-6.90259
-6.90158
-6.90259
-4.15293
-4.16342
-6.90359
-6.89654
-6.89042
-6.34628
-4.14874
-6.90259
-6.90058
-6.90158
-6.88364
-6.9046
-4.16515
-6.90158
-6.90359
-6.90259
-6.90058
-6.90158
-6.89957
-6.9056
-3.63122
-6.90158
-6.90359
-6.90259
-6.90158
-6.9046
-4.15656
-6.90158
-6.90359
-6.90359
-6.90359
-6.90359
-6.90359
-6.90259
-4.13204
-4.14274
-6.90058
-6.89553
-6.88944
-6.90158
-6.90259
-6.90058
-6.90058
-6.90158
-6.89856
-6.8935
-6.90259
-4.19825
-6.89243
-6.90158
-6.90359
-6.81233
-6.90058
-6.89856
-4.1522
-6.90259
-6.89755
-6.90359
-6.90359
-6.90058
-4.14274
-6.90058
-6.90259
-6.90359
-6.90158
-6.90359
-6.90259
-4.15507
-6.90158
-6.90158
-6.90158
-6.9046
-6.9046
-6.90359
-6.86805
-6.90259
-6.9056
-4.14123
-6.90359
-6.90058
-6.90158
-6.90158
-6.90259
-6.90158
-6.90359
-6.90259
-6.90359
-6.9056
-6.90158
-6.89957
-6.90359
-6.90359
-6.90359
-6.89755
-6.90359
-6.90158
-6.90259
-6.90259
-4.17839
-6.90259
-6.90359
-6.90158
-6.89957
-6.89957
-6.90359
-6.90359
-6.90359
-6.90359
-6.90359
-6.90359
-6.90359
-4.13432
-6.8935
-6.90158
-6.9046
-6.90058
-4.23984
-4.14892
-6.90158
-6.90058
-6.90158
-6.89957
-4.13706
-6.90259
-6.90158
-6.9056
-6.90259
-6.9046
-6.90359
-6.85415
-6.90158
-6.90259
-6.90259
-6.90359
-4.16008
-6.90259
-6.89755
-6.90259
-6.90158
-4.14325
-6.90359
-6.90158
-6.9022
-6.90058
-6.90058
-6.90058
-6.90259
-6.90259
-6.90058
-6.90058
-6.89957
-6.9046
-6.90058
-6.90158
-6.90259
-6.90359
-6.89311
-6.9046
-4.26703
-6.90158
-6.87531
-6.90058
-6.9046
-6.90259
-6.90058
-6.9046
-6.9046
-4.19854
-6.9046
