-6.9056
-6.9056
-6.9056
-6.9056
-6.9056
-6.9056
-6.9056
-6.28571
-6.11334
-6.9056
-5.79599
-6.22029
-6.19
-6.9056
-5.79863
-5.75404
-6.31146
-5.40717
-6.06575
-5.4575
-5.50974
-5.23501
-5.52526
-5.18431
-5.82259
-6.9056
-6.07269
-5.35498
-6.4752
-6.32408
-6.21952
-5.73419
-5.58255
-5.50688
-6.26311
-5.72052
-5.35018
-4.84495
-5.02642
-5.40402
-5.07974
-4.86341
-5.81848
-4.86037
-4.98678
-5.48238
-6.26808
-6.15636
-5.72227
-5.25359
-6.02183
-5.27822
-6.34402
-5.41164
-6.04169
-5.05232
-5.00881
-4.8892
-5.59785
-4.46425
-4.80213
-4.9013
-4.92067
-5.43964
-4.98647
-5.98075
-4.80482
-5.5115
-4.71574
-5.93557
-5.09649
-6.08943
-5.87227
-4.78831
-5.01627
-5.88881
-5.26104
-5.39525
-4.7617
-5.24332
-5.62083
-4.29684
-5.15546
-4.95972
-5.00212
-6.12356
-4.98177
-5.50414
-5.46471
-4.35569
-4.356
-4.61042
-5.02421
-4.59524
-4.50918
-5.42296
-5.47263
-5.235
-4.48388
-4.82893
-4.84046
-5.23573
-5.5531
-4.51231
-5.15857
-5.43195
-5.25718
-5.72623
-5.0079
-5.37845
-4.57291
-5.49599
-5.8112
-5.74269
-5.21053
-5.10452
-5.34006
-5.63425
-4.8853
-4.97553
-5.08245
-5.58033
-6.13363
-5.79736
-4.62196
-6.01256
-5.41386
-5.34951
-5.76054
-4.43879
-5.20197
-5.131
-5.25676
-5.20053
-4.74022
-4.70899
-5.9361
-5.28666
-4.43636
-5.364
-5.95186
-4.63464
-4.80324
-5.39866
-5.88019
-4.76223
-5.26586
-5.51365
-6.0962
-5.61083
-6.08814
-5.49366
-5.95574
-4.77421
-6.31071
-4.81595
-5.567
-5.66743
-5.82757
-6.44207
-5.15596
-5.47822
-6.3244
-4.9447
-6.12446
-6.15091
-5.03245
-5.12133
-6.30225
-6.02241
-5.18929
-5.64904
-5.01984
-5.33118
-6.10424
-5.32978
-4.78965
-5.92828
-6.16902
-4.58424
-5.30589
-4.84557
-5.2641
-6.02546
-6.41843
-5.45985
-6.30216
-5.06016
-6.14278
-5.66543
-4.93661
-5.17604
-6.27244
-5.25741
-5.55301
-6.07076
-5.31663
-6.44872
-4.90319
-6.16725
-5.52225
-4.41223
-5.05811
-6.50028
-5.91121
-5.67198
-5.60455
-5.83715
-4.96673
-6.21956
-4.58773
-6.16114
-5.05494
-4.67255
-6.20917
-4.9635
-5.21188
-6.28925
-5.29068
-6.07722
-6.30913
-5.12927
-5.557
-6.53105
-5.41989
-5.47586
-4.67983
-4.99757
-5.32748
-5.98959
-6.48929
-5.95786
-5.1935
-5.46138
-6.49627
-5.68455
-6.13313
-6.34634
-4.62745
-6.55007
-6.64558
-6.04642
-4.84329
-6.28967
-4.91126
-5.95904
-6.39421
-6.53038
-5.79835
-6.29438
-5.29883
-5.1611
-6.26613
-6.31024
-5.87041
-5.09431
-4.9908
-4.92936
-5.62202
-4.69517
-6.24444
-4.93259
-6.22852
-4.91339
-6.16533
-6.44949
-6.49739
-5.32594
-5.08282
-5.77507
-5.11317
-6.456
-6.26741
-5.49932
-6.62308
-6.67156
-6.29033
-5.75842
-4.87099
-5.5794
-6.11785
-5.78011
-5.27221
-6.45731
-6.69246
-5.40879
-6.53885
-6.01363
-6.58521
-6.5232
-6.20419
-5.14392
-5.57348
-6.21494
-6.32302
-6.31228
-5.12133
-6.4449
-6.2625
-5.6368
-6.55157
-5.38009
-5.19771
-5.63491
-6.54403
-5.87372
-6.64198
-5.66755
-4.98398
-5.27271
-5.0287
-6.57942
-6.60119
-6.22939
-6.41891
-6.28347
-6.25427
-6.2605
-6.51821
-6.18429
-5.82476
-6.44367
-6.03267
-6.53964
-5.92589
-6.5221
-6.30642
-5.28917
-5.76826
-6.27161
-5.60203
-5.5215
-6.6133
-5.4832
-6.23199
-6.5251
-5.86072
-6.63934
-5.87342
-5.93868
-5.17082
-4.40804
-6.57592
-5.18493
-6.38026
-5.73907
-5.66062
-6.52523
-6.27315
-6.55519
-6.65232
-6.61778
-4.77491
-6.65494
-6.27113
-6.33851
-6.66627
-5.79506
-6.41424
-6.57554
-6.21625
-6.68592
-5.91262
-6.34299
-6.69311
-6.5759
-6.26857
-5.32452
-6.55201
-6.62749
-6.62372
-5.22236
-6.70026
-6.50664
-6.70954
-5.73682
-6.64252
-5.15193
-6.00128
-6.48287
-6.73869
-6.65252
-5.65008
-6.54828
-6.55469
-6.55938
-6.07184
-5.91767
-5.47474
-6.58615
-6.7341
-6.17569
-6.64617
-5.12777
-5.94281
-6.70557
-5.61388
-6.76109
-5.31737
-6.66685
-6.37941
-6.44944
-6.58092
-6.66815
-6.69654
-6.57691
-6.43035
-5.37707
-6.32993
-6.37865
-6.72242
-6.69334
-6.56956
-6.392
-6.25796
-6.53425
-6.42654
-6.65041
-6.46261
-6.48533
-6.64414
-5.12509
-6.66361
-4.87874
-6.33399
-6.63721
-5.26137
-4.71802
-6.55995
-6.48236
-6.53885
-6.37664
-5.84668
-6.55912
-6.54386
-6.74281
-6.47879
-5.95023
-6.67527
-6.69805
-6.71594
-6.73869
-6.2969
-5.67207
-6.7112
-6.06435
-6.52505
-6.20611
-6.5423
-6.54146
-6.61803
-5.61076
-6.74972
-6.19694
-6.63035
-5.20921
-5.17082
-6.60187
-6.74986
-5.00884
-6.56555
-6.70698
-6.37341
-6.57003
-6.64014
-5.37845
-6.40227
-6.76382
-6.47914
-5.0609
-6.19277
-4.89855
-5.11432
-6.46237
-6.48608
-6.71608
-5.90144
-6.59419
-6.40358
-6.37477
-6.72602
-6.14166
-6.52479
-6.60472
-6.37798
-5.89503
-5.90869
-6.15538
-6.72256
-4.73149
-6.32342
-6.76986
-6.76035
-6.72931
-6.55047
-5.13217
-6.6627
-6.73069
-5.72011
-6.25741
-6.49207
-6.65746
-6.7283
-6.7722
-6.63807
-6.34458
-6.56574
-6.67892
-6.07323
-6.25047
-6.75176
-6.47907
-5.01879
-6.53213
-6.42994
-5.16743
-6.62181
-6.67622
-6.56343
-6.76223
-5.07756
-6.62216
-6.20386
-6.74822
-6.65779
-6.70975
-4.62258
-6.68269
-6.60073
-4.71713
-6.24312
-6.56988
-6.71925
-6.38535
-5.24871
-6.7568
-6.35549
-6.7112
-6.71089
-6.75962
-6.26836
-6.16224
-6.69974
-6.5075
-4.63579
-6.61783
-6.74325
-6.7736
-6.65794
-6.75513
-5.82686
-6.69233
-6.61247
-6.75476
-6.25288
-6.5019
-6.71745
-6.45224
-5.38223
-6.2945
-6.73378
-6.65088
-6.04321
-5.56246
-5.51435
-6.70609
-5.81027
-5.47855
-6.52453
-6.56598
-6.62932
-6.75599
-6.44027
-5.94608
-6.6886
-6.41605
-6.74356
-6.68449
-6.21711
-5.75859
-6.71113
-6.70549
-5.75867
-6.32166
-6.59937
-6.37739
-6.65126
-6.74961
-6.09618
-6.64484
-6.68501
-6.81673
-6.75497
-6.54179
-5.76395
-6.36973
-6.57333
-6.51843
-6.80057
-6.7515
-6.48157
-6.18462
-6.37802
-6.38359
-6.17917
-6.6313
-6.64111
-6.70559
-6.72798
-6.69265
-5.1787
-6.69696
-6.74929
-6.66415
-6.71477
-6.73783
-6.52666
-6.07812
-6.586
-5.65332
-6.61465
-6.74664
-5.66396
-6.70954
-6.71334
-6.62649
-5.90051
-6.76107
-5.82996
-6.75959
-6.25638
-6.81544
-6.74986
-6.74577
-6.80497
-6.20549
-5.47647
-6.70832
-6.71895
-6.78028
-6.69311
-6.03568
-5.7409
-6.78014
-6.72602
-6.71925
-6.72221
-6.80279
-6.75918
-5.03945
-5.75616
-6.44807
-6.73408
-6.66386
-6.70847
-6.7941
-6.82131
-6.62831
-5.14028
-6.28198
-6.74163
-6.51255
-6.53409
-5.19359
-5.10036
-6.15824
-6.74208
-6.7035
-5.21519
-6.72496
-6.5444
-6.32719
-6.40651
-6.71351
-6.67962
-6.71531
-6.76986
-6.07879
-6.77505
-6.75089
-5.27576
-6.61744
-6.70847
-6.67117
-6.65886
-6.73771
-6.67985
-6.78411
-5.77251
-6.78961
-6.20481
-6.52746
-5.2277
-6.78976
-6.61026
-6.68407
-6.05208
-6.80565
-6.38254
-6.71274
-6.38808
-6.46096
-6.59799
-6.28171
-6.73898
-6.71153
-6.77985
-6.79073
-5.39218
-6.69171
-6.79382
-6.66911
-6.01118
-6.79642
-6.60669
-6.66211
-6.79648
-6.70197
-6.11716
-6.78241
-6.69526
-5.67376
-6.80289
-6.61321
-6.44047
-6.77414
-6.61016
-6.72513
-6.52573
-6.75789
-6.73069
-5.91738
-6.38921
-6.75103
-6.55047
-6.53541
-6.15646
-6.76539
-6.34061
-6.69743
-6.25948
-6.6772
-6.77673
-6.41367
-6.6597
-6.83767
-6.77144
-6.80856
-6.79045
-5.81004
-6.35045
-6.40187
-5.37919
-6.58817
-6.74738
-6.72451
-6.7654
-6.82905
-5.53903
-5.16739
-6.67873
-6.83539
-6.5861
-6.72707
-6.59083
-6.76295
-6.78848
-6.60166
-4.7255
-6.7556
-6.77573
-5.33419
-6.7402
-6.76882
-6.80413
-6.81394
-6.19508
-6.80122
-6.78255
-6.79874
-6.72015
-6.17347
-6.75905
-6.79154
-6.63736
-6.38487
-6.69999
-6.19195
-6.77159
-6.40411
-6.68673
-6.67275
-6.81927
-6.82078
-6.80386
-5.35984
-6.78753
-6.74634
-6.58716
-6.79564
-5.49496
-6.07756
-6.46336
-6.45954
-5.40607
-6.72166
-4.16751
-6.81735
-6.29936
-6.79537
-6.68717
-6.74678
-6.60759
-6.81954
-6.7034
-6.73095
-6.56346
-6.73526
-6.73026
-6.79074
-5.07131
-6.60962
-6.6311
-6.32494
-6.52348
-6.78961
-4.76854
-6.52898
-5.5921
-6.41026
-5.28533
-6.83284
-6.2277
-6.7753
-6.72874
-6.38364
-6.77273
-6.36412
-6.57205
-6.0791
-6.56128
-6.63898
-5.2721
-6.22843
-6.30687
-6.64125
-6.80773
-6.82946
-6.83229
-6.74034
-6.27837
-6.80317
-6.78933
-6.64389
-6.76914
-6.75978
-6.65068
-6.69607
-6.551
-6.82865
-6.76411
-6.81228
-6.75962
-6.70036
-6.79313
-6.75673
-6.80511
-6.82513
-6.70021
-5.29032
-5.26485
-6.68394
-6.25489
-6.77431
-6.35392
-6.67014
-6.72993
-5.0671
-6.66916
-5.76157
-6.76612
-6.72992
-6.76504
-5.0931
-6.81421
-6.623
-6.68125
-5.88771
-5.6749
-6.76042
-6.83941
-6.73959
-6.82621
-6.65247
-6.79983
-6.81186
-6.76771
-6.7761
-6.67158
-6.08542
-6.70801
-6.65038
-6.56977
-6.82554
-6.80966
-6.73655
-5.75209
-6.72407
-6.81818
-6.52074
-6.78793
-6.04342
-6.81927
-6.45717
-6.71108
-6.65247
-6.6551
-6.54904
-6.77578
-6.75293
-5.6089
-6.66653
-6.78056
-6.71865
-6.65584
-6.52403
-6.6654
-5.66256
-6.73394
-6.78384
-6.07129
-6.68579
-6.1399
-6.83163
-6.09244
-6.42636
-6.81434
-6.84449
-6.79313
-6.70757
-6.69342
-6.80581
-6.80912
-6.34289
-5.27311
-6.75469
-6.78665
-6.64509
-5.55168
-6.75425
-6.73108
-6.80441
-6.7134
-6.17525
-6.75599
-6.83014
-6.79174
-6.80802
-6.81104
-6.83783
-6.7868
-6.07729
-6.39476
-6.73821
-6.78255
-6.76356
-6.55065
-6.83742
-6.75009
-6.81708
-6.76356
-6.60883
-6.65604
-6.81516
-6.8273
-6.54002
-6.53462
-6.50479
-6.67922
-6.78066
-6.79857
-6.45217
-6.6299
-6.83742
-6.11918
-6.83674
-6.80233
-6.78283
-5.53747
-6.56748
-5.41811
-6.70157
-5.15241
-6.65939
-6.76095
-6.34445
-6.72245
-6.70312
-6.84531
-5.1497
