-3.03495
-2.8881
-2.22372
-2.54608
-3.29292
-3.99189
-3.14291
-2.80958
-6.19676
-3.55008
-3.96885
-3.16663
-3.6552
-3.93919
-6.59045
-6.71993
-4.14787
-3.3398
-4.02602
-4.28365
-3.90794
-4.47969
-4.27066
-3.42321
-3.63612
-3.16495
-3.89732
-4.30514
-3.52556
-4.24012
-4.37246
-6.77145
-3.51711
-4.26787
-4.29773
-3.98138
-6.78153
-6.88433
-6.87261
-6.80868
-4.35543
-6.8874
-3.70416
-6.75531
-6.8874
-6.80859
-3.87874
-4.21835
-6.79921
-6.87507
-6.8935
-6.83596
-4.42711
-6.85087
-4.41242
-4.44217
-6.88842
-6.86507
-3.73046
-4.16381
-6.87777
-6.89654
-6.88331
-6.86373
-6.77582
-6.83256
-6.80689
-6.15081
-4.50041
-4.28224
-6.89856
-3.84955
-3.14763
-6.88023
-4.28361
-4.32351
-3.78844
-6.89147
-6.89553
-6.89856
-6.81634
-6.88842
-6.87038
-6.844
-6.78876
-3.9004
-6.84389
-6.89553
-3.59582
-3.62247
-6.81401
-6.89451
-4.49123
-6.88637
-4.21119
-6.81922
-6.84222
-6.8935
-6.87659
-6.8935
-6.89957
-6.90058
-4.21854
-6.89514
-6.89957
-6.86778
-6.887
-3.87078
-4.40029
-6.88417
-6.8874
-6.78431
-3.871
-6.87611
-6.89553
-6.8935
-6.88944
-4.48297
-6.89451
-6.89654
-6.89856
-6.89957
-6.87271
-6.90259
-6.89451
-6.89957
-6.90158
-6.86989
-6.88661
-6.89755
-6.90058
-6.85562
-6.89311
-4.2336
-6.80494
-6.89755
-6.89755
-3.91832
-6.87271
-6.90058
-6.90158
-6.89654
-6.89755
-6.87698
-6.89755
-6.90058
-6.88842
-6.89451
-6.89957
-3.50829
-6.89451
-6.88842
-6.89957
-6.89553
-6.90158
-6.89755
-6.81578
-6.89451
-6.88842
-6.90058
-6.89957
-4.0802
-4.12469
-6.89856
-3.99798
-6.90058
-6.72852
-3.57404
-6.89856
-6.89654
-6.85451
-6.88944
-6.80981
-6.89654
-6.90058
-6.82678
-3.54553
-6.90058
-6.8935
-6.89249
-6.90259
-6.89957
-4.32631
-6.90158
-4.04957
-6.89957
-3.55871
-6.89147
-6.90158
-6.89755
-6.86844
-6.90259
-6.90158
-6.88433
-6.87571
-6.90058
-6.88023
-6.8935
-3.84395
-6.7722
-6.90158
-6.89553
-6.89856
-6.90058
-6.90359
-6.67794
-6.89755
-6.90359
-6.89311
-6.90058
-6.87787
-6.90058
-6.8811
-6.88331
-6.89006
-6.89654
-6.89412
-6.89045
-6.89957
-6.90058
-6.90158
-6.88598
-6.86714
-6.89755
-4.38871
-6.88007
-6.89654
-6.88149
-3.44204
-6.90158
-6.87981
-6.89856
-6.89654
-6.89654
-6.90058
-6.89553
-6.90058
-6.90158
-4.21359
-6.89957
-6.90359
-6.89654
-6.88433
-6.90058
-6.89045
-6.89856
-6.89553
-6.89856
-6.90158
-6.82055
-3.64331
-6.8788
-6.89957
-4.46902
-6.89615
-6.7807
-4.27297
-6.89654
-3.5863
-6.89451
-6.90058
-4.14581
-6.89755
-6.87155
-6.87982
-6.90359
-6.89856
-6.85398
-6.87173
-6.89654
-6.89957
-6.90058
-6.90158
-4.21311
-6.90259
-6.90259
-6.89856
-6.89514
-6.89755
-6.90058
-6.89553
-6.90058
-6.89755
-6.90158
-6.90359
-6.89553
-4.533
-6.89654
-6.89957
-4.43887
-6.89856
-4.47854
-6.90058
-6.90058
-6.86049
-6.90158
-6.89957
-6.90259
-6.89856
-3.63278
-6.90359
-6.89311
-6.79016
-6.9046
-6.90058
-6.90158
-6.90359
-4.13585
-6.89957
-6.90259
-6.79229
-3.88034
-6.90259
-6.74862
-6.89957
-6.89553
-6.89957
-6.89654
-6.90158
-6.75328
-6.89069
-6.90058
-6.89755
-6.89856
-6.89856
-6.90259
-6.89856
-4.08067
-6.90158
-6.90158
-6.90058
-6.87719
-6.90058
-4.46658
-6.89412
-6.90058
-6.90058
-6.90259
-3.88243
-6.90058
-6.89553
-6.89117
-6.89412
-6.89957
-6.90359
-6.90259
-6.89957
-6.89957
-6.90259
-6.90158
-6.90158
-4.13276
-6.90058
-6.89856
-4.49733
-6.89957
-6.90058
-6.90058
-6.87801
-6.90259
-6.89856
-6.89755
-4.49501
-6.90058
-6.90359
-6.89654
-6.90259
-6.90058
-6.90058
-6.90058
-6.90058
-4.22523
-6.89856
-6.90359
-6.89856
-4.13017
-6.90259
-6.89856
-6.90158
-6.89957
-3.90543
-6.9046
-6.90058
-6.90058
-6.90359
-6.90359
-6.86585
-3.57207
-4.44312
-6.9046
-6.90158
-6.90158
-6.90158
-6.89654
-6.89108
-6.9046
-6.89451
-3.43176
-6.89311
-6.90158
-6.89755
-6.90259
-6.90359
-6.90259
-6.90359
-6.90058
-6.90158
-6.88545
-6.90058
-6.89856
-6.90359
-6.9046
-6.90058
-6.90158
-6.90058
-6.90058
-6.89957
-6.90259
-6.90359
-6.89957
-6.89856
-6.87634
-6.90158
-6.81896
-4.13451
-6.90259
-6.89654
-6.86602
-6.90158
-4.16417
-6.90359
-6.9046
-6.89755
-6.90158
-6.90158
-6.90259
-6.90158
-6.88977
-6.90259
-6.90359
-6.90158
-6.89755
-6.89755
-6.83706
-6.90158
-6.90259
-6.89957
-6.8935
-6.90158
-6.89856
-6.90058
-6.90158
-6.90359
-6.90058
-6.90158
-4.13293
-6.84504
-6.89957
-6.9046
-6.89856
-6.90058
-6.9046
-6.90058
-6.90259
-6.90058
-6.88016
-6.90058
-6.90259
-6.89755
-4.27307
-6.89654
-6.90259
-4.26187
-6.90359
-6.90259
-6.90359
-6.89069
-6.90359
-6.90359
-6.89209
-6.90259
-6.90158
-6.90259
-6.9056
-6.90259
-6.88904
-4.14126
-6.87826
-6.90359
-4.18358
-6.89412
-6.90359
-6.90259
-6.90259
-6.90259
-6.87452
-6.90259
-6.90259
-6.89553
-6.90259
-6.90359
-6.89856
-6.90158
-6.90158
-6.90158
-6.90058
-6.90158
-6.90359
-6.89412
-4.15957
-6.90259
-6.90158
-6.90259
-6.90158
-6.89755
-6.90259
-6.9046
-4.14187
-6.90259
-6.90359
-6.89957
-6.89957
-6.89654
-6.90259
-6.90158
-6.90119
-6.90158
-6.90259
-6.90359
-4.26737
-4.1449
-6.90158
-6.89069
-6.89755
-6.89856
-6.90259
-6.90058
-6.90158
-6.90058
-6.90359
-6.89311
-6.89856
-6.90158
-6.90158
-6.89957
-6.90259
-6.9046
-6.90259
-6.90259
-6.9046
-6.89755
-6.89856
-6.90359
-6.90158
-6.8935
-6.9046
-4.32897
-6.89856
-6.90158
-4.15875
-6.90259
-6.90259
-6.90058
-4.32047
-6.88301
-6.90359
-6.90058
-6.90259
-6.89856
-6.89755
-6.90259
-6.90359
-6.89817
-6.89856
-6.90259
-4.48099
-6.90259
-6.85378
-6.90158
-6.89006
-6.90259
-3.44241
-4.16097
-6.90158
-6.9046
-6.90259
-6.90359
-6.90359
-6.89451
-6.90259
-6.89856
-6.90158
-4.13532
-6.87129
-6.88393
-6.90158
-6.90259
-6.90058
-6.90359
-6.90359
-6.90058
-6.90359
-4.15166
-6.90359
-6.89654
-4.13604
-6.90259
-6.89957
-6.90359
-6.90359
-6.9056
-6.90259
-4.15677
-6.90058
-4.1507
-6.90158
-6.90259
-6.89209
-3.47936
-6.77894
-6.90058
-6.90259
-6.90158
-6.89755
-6.89817
-6.90259
-6.90058
-6.90058
-6.89654
-6.90259
-6.9046
-6.90359
-6.90158
-6.90359
-6.9046
-4.33796
-6.90058
-6.90259
-6.89755
-6.9046
-6.90259
-6.89755
-6.89856
-6.90259
-6.90259
-6.89957
-6.90058
-6.90359
-6.9046
-6.85912
-6.89957
-6.90259
-4.13585
-6.89755
-6.90058
-6.90058
-3.90568
-6.90259
-6.89654
-6.90259
-6.90158
-6.8903
-6.90158
-6.88622
-4.14681
-4.13356
-6.90359
-6.90158
-4.32634
-6.90158
-6.9046
-6.9046
-6.90058
-6.90259
-6.90158
-6.9046
-6.90259
-6.89755
-6.90158
-6.90259
-6.89856
-6.90058
-6.90359
-6.89957
-4.13481
-6.90259
-6.90158
-6.9056
-6.90259
-6.90259
-4.16493
-6.90058
-6.82807
-6.90058
-6.90259
-6.90158
-4.15075
-6.90158
-6.90259
-4.14173
-4.13101
-6.89654
-4.16202
-6.9046
-6.90359
-6.89957
-6.90259
-6.90359
-6.89553
-6.90158
-6.90058
-6.90158
-6.89856
-6.90158
-6.90259
-6.90019
-6.90359
-6.90359
-6.90158
-6.90259
-6.90259
-6.90259
-6.90058
-6.90259
-4.16372
-6.90359
-6.90359
-6.90359
-6.89755
-6.89957
-6.90158
-6.90058
-6.90058
-6.90359
-6.90158
-6.90359
-3.98485
-6.90259
-6.89755
-6.90259
-4.14585
-6.90158
-6.90359
-6.90158
-4.14247
-6.90259
-6.90359
-6.9046
-6.90259
-4.15958
-6.89755
-6.89108
-3.52285
-6.89957
-4.13859
-6.90359
-6.89755
-6.9046
-6.87745
-6.89856
-6.90158
-4.62726
-4.13757
-6.90259
-6.90259
-6.90259
-6.90058
-6.90259
-4.27259
-6.90058
-6.90259
-6.90359
-6.90359
-6.90359
-6.89451
-6.86758
-6.89755
-6.90259
-6.90359
-6.89514
-6.89957
-6.75215
-6.90259
-6.90058
-6.89755
-6.90259
-6.89856
-6.90259
-6.90158
-6.89553
-6.90158
-6.90359
-6.90259
-6.90359
-6.90158
-6.89856
-6.90359
-4.14274
-4.13706
-6.90359
-6.8874
-4.17733
-4.1307
-4.14231
-6.89856
-6.90259
-6.9046
-6.90359
-6.89209
-6.90359
-6.90058
-6.90158
-6.90158
-6.89249
-6.9046
-6.90259
-4.37474
-4.1396
-6.90158
-3.78842
-6.87271
-6.90359
-4.13532
-6.89957
-6.90158
-6.9046
-4.20685
-4.16154
-6.89249
-6.90058
-6.90058
-6.90259
-4.14416
-6.90359
-6.90158
-6.89311
-3.60921
-6.89755
-4.15008
-6.90158
-6.89957
-6.90259
-6.89451
-6.9046
-4.1732
-6.89957
-6.90359
-6.90058
-6.89957
-6.90259
-6.90158
-6.9056
-6.90359
-6.90158
-6.90259
-6.90259
-6.89817
-6.9046
-4.15727
-6.90058
-6.90259
-6.89856
-6.90359
-6.90359
-6.90359
-6.90158
-3.40465
-6.90359
-6.89856
-6.87659
-6.89755
-6.89957
-6.89654
-6.90058
-6.90158
-6.90259
-6.89817
-6.89856
-6.90259
-6.75541
-6.89957
-6.90259
-6.90058
-6.88773
-6.90259
-6.89451
-6.9046
-6.89856
-6.88842
-6.90158
-6.90259
-6.9046
-4.14373
-6.90158
-6.90259
-6.90359
-6.90058
-6.90158
-4.01503
-6.86531
-6.90259
-6.90058
-6.90158
-6.9046
-6.90058
-6.90359
-4.49771
-6.90158
-6.9056
-4.13655
-6.90158
-6.89654
-6.90058
-6.90259
-6.90158
-6.90158
-6.90259
-6.90359
-6.90158
-6.90158
-6.90058
-6.90259
-6.90359
-6.90359
-6.90359
-6.89514
-6.90359
-6.89957
-6.90259
-6.89957
-4.218
-6.90359
-6.90359
-6.90259
-6.87592
-6.90259
-6.90259
-6.90359
-6.90158
-6.90259
-6.90359
-6.90359
-6.90158
-6.90359
-6.87851
-6.90158
-6.90359
-6.90158
-4.18925
-4.14325
-6.90259
-6.90158
-6.90058
-6.89957
-6.90058
-6.90259
-6.90058
-6.9056
-6.90259
-6.9046
-6.90259
-4.47681
-6.89957
-6.90158
-6.90259
-6.90259
-4.15605
-6.89856
-6.90058
-6.8998
-6.90158
-6.90359
-6.90259
-6.90058
-6.90359
-4.1343
-6.89957
-6.90158
-6.90359
-6.87412
-6.90058
-6.90158
-6.89856
-6.9046
-6.90158
-6.90158
-6.89755
-6.90359
-6.87684
-6.9046
-4.34244
-6.90058
-6.76308
-6.90158
-6.9046
-6.90259
-6.89957
-6.9046
-6.90259
-4.16583
-6.9046
