-2.96179
-2.95544
-2.99679
-3.02604
-3.03652
-3.03852
-2.89946
-2.82399
-2.81289
-2.67904
-2.51178
-2.50804
-2.25596
-2.06999
-2.10432
-2.1996
-1.96374
-1.98558
-1.98738
-1.90653
-2.04461
-1.95332
-2.30836
-2.36274
-2.77252
-2.55881
-2.87683
-2.75555
-2.82739
-2.58487
-2.94155
-2.86577
-3.55962
-2.88046
-3.49625
-3.08202
-3.06311
-3.57445
-3.40443
-3.36764
-4.00474
-3.85682
-3.94851
-3.79754
-3.83832
-3.50524
-3.61228
-3.79254
-3.95435
-3.22505
-3.57518
-3.45752
-3.42814
-3.9849
-4.17323
-3.93353
-3.69237
-3.76905
-3.77266
-4.15473
-3.81966
-4.23833
-3.87392
-3.86103
-3.50303
-3.53431
-3.89755
-4.08203
-4.25511
-4.25398
-4.08694
-4.24439
-4.41491
-3.75307
-4.09754
-3.93129
-4.36267
-3.67241
-4.10053
-4.10886
-4.26525
-4.17849
-4.06566
-3.98398
-4.34549
-3.76597
-4.26202
-3.93268
-4.1186
-4.08665
-4.19286
-4.0529
-4.37149
-4.03904
-3.96103
-4.42679
-4.03424
-3.76201
-3.99879
-3.83894
-4.36856
-3.91339
-4.24604
-4.18765
-4.39059
-4.38274
-4.52587
-4.30805
-3.845
-3.79297
-4.09708
-3.9869
-4.24204
-4.52466
-3.97717
-3.89689
-3.97321
-4.46151
-4.44089
-4.45573
-4.15815
-4.11087
-3.63222
-4.45741
-4.4622
-4.1712
-4.40801
-4.53414
-4.17381
-4.26033
-4.42876
-4.43271
-4.03739
-4.40191
-4.32454
-4.57849
-4.1658
-4.05696
-4.13091
-4.35827
-4.41409
-4.44899
-4.33497
-4.67931
-4.61855
-4.06243
-4.33831
-4.61563
-4.76283
-4.65643
-4.07965
-4.49255
-4.14114
-4.02192
-4.34086
-4.48295
-4.62826
-4.66439
-4.67117
-4.42301
-4.53434
-3.94628
-4.53878
-4.96217
-4.19197
-4.4782
-4.21516
-4.22162
-4.64319
-4.36402
-4.46139
-3.56794
-4.65656
-4.02272
-4.83622
-4.20705
-4.10388
-4.38693
-3.90768
-4.2247
-4.65294
-4.73554
-4.54975
-4.52846
-4.84086
-3.72344
-4.41451
-4.73432
-4.11711
-4.41562
-4.53925
-4.61304
-4.78827
-3.56898
-4.46729
-4.00685
-4.58746
-4.647
-4.81843
-4.49496
-4.80263
-4.11535
-4.63947
-4.24502
-4.3411
-4.72692
-6.73577
-4.57548
-6.03476
-4.83215
-4.41559
-4.64029
-4.80652
-4.69492
-4.96894
-4.85394
-4.56603
-4.20685
-3.94985
-4.39626
-6.6272
-4.51688
-4.55492
-4.57558
-4.40038
-4.41625
-4.2438
-4.46383
-4.59553
-4.42206
-4.65756
-4.03846
-5.56118
-4.50691
-4.34454
-4.06146
-4.70882
-4.20871
-5.38153
-4.51101
-5.08173
-4.88342
-4.70379
-4.61745
-4.5757
-4.46358
-3.8834
-4.70467
-3.78613
-4.76548
-4.04252
-4.45872
-3.99739
-4.42272
-4.53566
-4.75028
-4.73528
-4.16581
-4.44888
-4.61789
-5.18396
-4.21966
-4.44448
-4.6467
-4.12444
-4.60922
-4.37545
-4.80106
-4.43382
-3.59294
-4.30592
-4.50064
-4.63724
-4.80351
-4.03562
-4.1562
-4.51203
-5.05852
-4.12037
-4.464
-4.92229
-4.62667
-4.25171
-4.1507
-4.02084
-4.24686
-4.67599
-4.19386
-3.93301
-4.06134
-4.59763
-4.48943
-5.46804
-4.58256
-5.15949
-4.57932
-4.95273
-4.62528
-4.74975
-4.47189
-4.3626
-3.96011
-4.6528
-4.83168
-4.21958
-4.20755
-4.46035
-3.82498
-4.85935
-3.88909
-4.68123
-3.8338
-6.58176
-5.42856
-3.98668
-5.25531
-4.51214
-3.97833
-4.9577
-4.44688
-4.75017
-4.52233
-4.67768
-3.85215
-4.32833
-3.93791
-4.14467
-4.66221
-4.50561
-4.74064
-4.32806
-4.46539
-4.55709
-4.76614
-4.91764
-3.84133
-4.15469
-4.64055
-4.01848
-4.98346
-4.71188
-4.47936
-4.7339
-4.50653
-4.50488
-4.52503
-4.13158
-4.60233
-4.6624
-4.1219
-4.34969
-4.56027
-4.57592
-4.25061
-4.83504
-4.20901
-4.07144
-4.21741
-4.99909
-4.28661
-4.32079
-3.20268
-4.07168
-4.4792
-4.73976
-4.67256
-3.96568
-4.87046
-4.40779
-4.5283
-4.02284
-3.94306
-3.89822
-4.12126
-4.59542
-3.67607
-3.94933
-3.72278
-4.53491
-4.69751
-3.91836
-3.47237
-4.49533
-4.232
-4.19393
-5.14837
-4.00308
-4.17612
-3.91654
-4.83648
-4.63195
-3.51105
-4.6293
-4.50256
-4.55954
-3.3191
-4.89063
-4.50614
-3.75615
-6.43287
-4.59583
-4.30366
-4.70755
-3.42279
-3.97872
-5.92004
-4.08319
-4.14778
-6.55124
-3.92369
-3.91914
-4.50895
-4.6132
-4.61116
-4.53887
-6.15719
-3.82434
-3.87627
-6.4426
-6.12101
-3.85431
-3.57641
-4.49865
-4.91813
-3.75519
-3.53289
-4.37932
-4.56631
-4.44396
-4.38751
-4.25867
-4.37446
-4.23281
-3.82058
-4.33809
-4.27042
-4.3922
-4.77091
-4.6354
-4.65651
-3.64082
-3.64583
-3.44525
-4.27794
-3.64635
-3.80156
-4.71392
-3.95243
-5.87045
-4.44708
-4.06709
-4.78114
-4.23801
-4.32883
-4.8811
-3.65791
-4.56156
-4.72558
-4.27545
-4.35275
-6.82251
-3.71011
-6.83279
-5.43423
-3.82085
-4.26423
-4.3783
-4.45546
-3.23018
-4.78393
-3.49292
-4.15732
-6.81019
-4.01008
-4.51776
-3.75717
-4.49643
-4.1137
-3.86637
-4.51041
-3.54065
-4.6335
-4.19784
-4.62338
-4.61067
-4.24892
-4.25059
-4.63011
-4.37939
-4.51588
-4.29837
-3.69257
-4.40002
-4.73648
-4.07463
-4.6426
-4.7063
-3.81155
-3.6031
-4.97654
-3.88393
-3.94659
-4.56947
-3.89202
-3.36215
-3.653
-4.65601
-3.66937
-4.23373
-4.62705
-4.63008
-4.53017
-4.57902
-4.89638
-4.59347
-4.52084
-4.56568
-4.28081
-4.77461
-4.18307
-4.61526
-5.12953
-4.002
-4.35408
-4.37919
-4.57017
-3.98904
-4.22493
-6.23775
-3.84025
-4.68122
-3.54329
-3.80067
-6.5049
-3.9973
-3.74515
-4.72357
-4.48796
-3.63256
-4.92504
-4.10188
-4.83115
-3.78573
-4.58273
-4.22559
-3.46891
-6.71759
-3.75708
-4.07279
-3.41404
-6.5595
-4.71133
-4.57524
-3.78695
-4.7272
-3.84948
-5.97867
-4.21397
-4.88422
-4.02538
-5.02872
-4.25165
-6.38418
-3.95681
-3.53269
-4.56359
-3.47864
-4.95469
-4.28988
-4.76365
-4.32414
-3.89247
-4.55304
-4.32903
-4.35048
-4.224
-4.73232
-4.40734
-4.7328
-6.21317
-4.40595
-3.58477
-4.36275
-3.90783
-4.04374
-5.41612
-4.36573
-4.46848
-3.90258
-4.52646
-4.7354
-4.83193
-4.47376
-3.89698
-4.64551
-4.81282
-4.42197
-4.82103
-4.64663
-4.25884
-3.68143
-6.84513
-3.68017
-3.56169
-6.71281
-4.50748
-4.63701
-3.65473
-4.54382
-4.52887
-6.82098
-4.97277
-4.8713
-4.84773
-4.35424
-4.22059
-6.64122
-4.48681
-4.81726
-4.09175
-4.83319
-5.0254
-4.27142
-3.01777
-4.36067
-6.34869
-4.08505
-6.85171
-3.87197
-3.83591
-4.90877
-6.86215
-3.67424
-3.70129
-3.86967
-4.49238
-3.39655
-4.2833
-3.55184
-3.70438
-4.48044
-4.23035
-6.83783
-3.46692
-6.82021
-3.84936
-4.56127
-6.66299
-3.49609
-4.84311
-4.76638
-4.0531
-4.37578
-4.18714
-4.07721
-3.57751
-4.80814
-6.84146
-3.08563
-4.71122
-4.3175
-5.06437
-4.73323
-4.06917
-3.83137
-4.22945
-4.36741
-6.16129
-4.73073
-4.81893
-4.38323
-4.61662
-3.79589
-4.80829
-4.06355
-4.20341
-4.34468
-4.53016
-3.8036
-3.93917
-3.65101
-3.96174
-4.7314
-6.84297
-5.26326
-3.80161
-3.46701
-4.28689
-4.99128
-4.60012
-6.76189
-3.46894
-4.3747
-3.5255
-4.98166
-4.5991
-4.37748
-3.8061
-3.70352
-4.37393
-4.95484
-4.53015
-3.70305
-3.95473
-3.41847
-4.4655
-4.75243
-3.70441
-4.49354
-4.64291
-5.85555
-4.86869
-3.92545
-4.33917
-3.68196
-6.84746
-6.87581
-6.82712
-6.82269
-3.86232
-4.72179
-4.17788
-4.62989
-3.75206
-6.84155
-6.60147
-3.82353
-4.48008
-3.85842
-3.74811
-4.53304
-4.36316
-4.4284
-6.71373
-5.23467
-4.17412
-3.77052
-4.08768
-4.30297
-4.61131
-4.12603
-4.84082
-6.88291
-4.30533
-4.37403
-3.83142
-3.99983
-3.67802
-5.28205
-6.87401
-3.61232
-3.63967
-4.19127
-4.07109
-6.77189
-3.65252
-3.57912
-4.78433
-3.84031
-3.5564
-4.99088
-3.53501
-3.84478
-5.53319
-3.88298
-4.39333
-4.0177
-6.85952
-6.74564
-4.62549
-4.44985
-4.57098
-3.22405
-3.46141
-4.83117
-4.56696
-4.59336
-4.80695
-3.41874
-4.88949
-6.85412
-4.97319
-6.3412
-5.33375
-4.85186
-4.27862
-4.41825
-3.2443
-4.24078
-4.40563
-3.65924
-4.37504
-3.75641
-6.80798
-3.79455
-3.37337
-4.18362
-4.06338
-4.73637
-5.14543
-3.61943
-6.84444
-4.74452
-4.98803
-3.25605
-6.50055
-6.83626
-4.53328
-4.63135
-4.30561
-6.84305
-4.65358
-3.9838
-3.72578
-4.44982
-4.29505
-3.92078
-6.77436
-6.82026
-6.85472
-4.32384
-3.28526
-4.64921
-4.7345
-6.78815
-6.88967
-4.43815
-4.4929
-3.74907
-3.97603
-3.4869
-3.44448
-3.98386
-6.87221
-4.97413
-4.06999
-4.21998
-4.219
-4.95752
-6.81118
-4.31497
-3.70625
-3.36045
-4.71862
-3.66047
-5.09624
-6.82885
-4.73233
-4.21427
-3.55728
-5.06382
-6.856
-4.62579
-3.66828
-4.95582
-3.56015
-3.94406
-3.81684
-6.73076
-4.28827
-3.80381
-4.72138
-6.86543
-3.59489
-4.45089
-3.79418
-4.50362
-4.31233
-3.5643
-4.71046
-5.15373
-4.58267
-3.90551
-3.53677
-3.68692
-3.61881
-6.83943
-3.66267
-6.87364
-6.88842
-6.65281
-4.5927
-6.86597
-6.88535
-4.35113
-4.7156
-3.98789
-3.71089
-4.87588
-3.97498
-4.8883
-4.41793
-4.03215
-4.52247
-3.79531
-6.77561
-4.25191
-4.06318
-3.6315
-6.88125
-4.4843
-4.67975
-3.21615
-3.61048
-4.45073
-3.62834
-4.30957
-3.69009
-3.62129
-4.0073
-3.95961
-6.84477
-3.94791
-3.91235
-3.86688
-6.79782
-5.33392
-4.20286
-4.21862
-4.03764
-4.31488
-4.16986
-4.39059
-4.17064
-3.51385
-3.86565
-3.40703
-6.84333
-6.80212
-4.53271
-4.52186
-4.2884
-4.87633
-3.78266
-6.78428
-6.71362
-3.6699
-4.66839
-2.93778
-6.86805
-4.42814
-3.36837
-3.49767
-3.3996
-4.6041
-4.04766
-6.8655
-4.84076
-6.88904
-6.87271
-4.04718
-4.38131
-3.74605
-3.75466
-3.5845
-4.35154
-3.79138
-6.81742
-3.33008
-4.4798
-5.65248
-4.46343
-5.60292
-3.74501
-6.8346
-4.70804
-6.81083
-4.22133
-4.50121
-4.4128
-5.06177
-4.19592
-4.17363
-4.24719
-4.68453
-4.46017
-3.94732
-4.2324
-4.22752
-4.44664
-4.23062
-3.75068
-4.02982
-5.55827
-3.65526
-3.781
-4.66288
-4.0787
-6.8325
-4.38687
-3.54641
-6.77205
-3.57276
-6.87388
-2.93647
-4.72874
-6.86713
-3.53975
-6.84564
-3.65528
