-6.9056
-6.9056
-6.9056
-6.9056
-6.53936
-6.56786
-6.09009
-5.95317
-5.85869
-5.66518
-5.53328
-5.51213
-5.31433
-5.31437
-5.31574
-5.36255
-5.31758
-5.27456
-5.32892
-5.2311
-5.18087
-5.1935
-5.49699
-5.48065
-5.79455
-5.56359
-5.89266
-5.54825
-5.83152
-5.82923
-5.76183
-5.76364
-6.23689
-5.76314
-5.61246
-5.96285
-6.08282
-6.10001
-6.2376
-5.9357
-6.11553
-6.25177
-6.28821
-6.37823
-6.21677
-6.53668
-6.01345
-6.40002
-6.47389
-6.15978
-5.81192
-6.24634
-6.26551
-6.49071
-6.35389
-6.12065
-6.48414
-6.10106
-6.5352
-6.54723
-6.43155
-6.12574
-6.1979
-6.22214
-6.35686
-6.37525
-6.23786
-6.55114
-6.55592
-6.60717
-6.56369
-6.19646
-6.59952
-6.03367
-6.21685
-6.61035
-6.33163
-6.50853
-6.50704
-6.51543
-6.65501
-6.38228
-6.47298
-6.16156
-6.71441
-5.85175
-6.64487
-6.59419
-6.61316
-6.55047
-6.61097
-6.60777
-6.48592
-6.70266
-6.29898
-6.73927
-6.72407
-6.488
-5.76369
-6.47869
-6.68738
-6.41665
-6.24251
-6.6398
-6.7557
-6.69187
-6.5666
-6.05522
-6.51222
-5.90567
-6.04965
-6.60115
-6.64051
-6.66482
-6.72886
-6.42683
-6.48875
-6.79045
-6.44736
-6.56378
-6.70725
-6.34445
-6.55581
-6.51798
-6.63292
-6.61198
-6.57778
-6.72781
-6.7188
-6.70847
-6.70358
-6.70557
-5.47941
-6.58286
-6.41563
-6.68845
-6.38131
-6.08083
-6.73423
-6.77273
-6.68221
-6.65989
-6.69419
-6.7048
-6.66067
-5.5512
-6.71259
-6.80317
-6.81531
-6.617
-6.69466
-6.72135
-6.74016
-6.74942
-6.65167
-6.72439
-6.48075
-6.72633
-6.66578
-6.78793
-6.68721
-6.77162
-6.47187
-6.75935
-6.74061
-6.75528
-6.72827
-5.88634
-6.35758
-6.68721
-6.82446
-6.73095
-6.52514
-6.7868
-6.75164
-6.47614
-6.78045
-6.55262
-6.59998
-6.79286
-6.68768
-6.80623
-6.6734
-6.08734
-6.82487
-6.79355
-6.55262
-6.70498
-6.44645
-6.81133
-6.8018
-6.8018
-6.61733
-4.42446
-6.78498
-6.72946
-6.71883
-6.76799
-6.82036
-6.75453
-6.79622
-6.74813
-6.29422
-6.74675
-6.54685
-6.49058
-6.85484
-6.35417
-6.73375
-6.74106
-6.69141
-6.70987
-6.77361
-5.97074
-6.82596
-6.76326
-6.80734
-6.77361
-6.41619
-6.8018
-5.30484
-5.61788
-6.78922
-6.82295
-6.70573
-6.79274
-6.80734
-6.71836
-6.77405
-6.58405
-6.54601
-6.44851
-5.59595
-6.79105
-6.81285
-6.62069
-6.46365
-6.76787
-6.14659
-6.80844
-6.83311
-6.67324
-6.69683
-6.77958
-6.66803
-6.80887
-6.82596
-6.6169
-6.17733
-6.78202
-6.69094
-6.75047
-6.44327
-6.81724
-5.7235
-6.84784
-6.81547
-6.36621
-6.82621
-6.81108
-6.83931
-6.74075
-6.57214
-6.76095
-6.81766
-5.48558
-6.78482
-6.70912
-6.75047
-6.85102
-6.68221
-6.77758
-6.79217
-6.81876
-6.8584
-6.7614
-5.78822
-5.95788
-6.80777
-6.70423
-6.68692
-6.70545
-6.86469
-6.79777
-4.65303
-6.52807
-6.11717
-6.85102
-6.82203
-6.68941
-6.37664
-6.79553
-6.80359
-6.68816
-6.81437
-6.72256
-6.79329
-4.83509
-6.74224
-6.75443
-6.77861
-6.83717
-6.80159
-6.62723
-5.41439
-6.7614
-6.78956
-6.81437
-6.78428
-6.77589
-6.82855
-6.85102
-6.84008
-6.76672
-6.67055
-6.70644
-6.85314
-6.72485
-6.70496
-4.95615
-5.96167
-6.79774
-6.40988
-6.78992
-6.80887
-6.73259
-6.8489
-6.60644
-4.84328
-6.77931
-5.6752
-6.73084
-6.85525
-6.63292
-6.80111
-6.83419
-6.30629
-6.80334
-6.81175
-6.85314
-6.85419
-6.83931
-6.83502
-4.1309
-6.37558
-6.77633
-6.83287
-5.64207
-5.28179
-6.83394
-6.83539
-6.80122
-6.68532
-6.52334
-6.8563
-5.03139
-6.85419
-6.80897
-6.82638
-6.84955
-6.85102
-6.8606
-6.77213
-6.77545
-6.77633
-5.84318
-6.81285
-6.7356
-6.13264
-5.20568
-4.83244
-6.83701
-6.82963
-6.76122
-6.74388
-6.8563
-6.86364
-6.83502
-6.73333
-6.83609
-6.79888
-6.82161
-6.79777
-6.85419
-6.78088
-6.72351
-6.67043
-6.78228
-6.84359
-6.76602
-6.12478
-6.85525
-6.86677
-6.74506
-5.42827
-6.85314
-6.84129
-6.71762
-6.85945
-6.77246
-6.8489
-4.86468
-6.83609
-4.44534
-6.80428
-6.83527
-6.79329
-6.70222
-6.83179
-6.7729
-6.80873
-6.64958
-6.33688
-6.84678
-6.81657
-6.80111
-6.83502
-6.84637
-6.7647
-6.81577
-6.85314
-6.84252
-6.73203
-6.81218
-6.85525
-4.38688
-6.84252
-6.83609
-6.77747
-6.8489
-6.81985
-4.73955
-6.75443
-6.85735
-6.86155
-6.8489
-6.71695
-6.85314
-6.79888
-6.78341
-6.82487
-6.82638
-4.62675
-4.5232
-6.82746
-6.80112
-6.64972
-6.85945
-6.84572
-6.84359
-6.88023
-6.83237
-6.78541
-6.7614
-6.73916
-6.86155
-6.86677
-5.74669
-6.67804
-6.15004
-6.82094
-6.83391
-6.87197
-6.86155
-6.81547
-6.82963
-6.73259
-6.71352
-6.84359
-6.83634
-6.83593
-6.7459
-6.87364
-6.83512
-6.77975
-6.87197
-6.81175
-6.82689
-6.72872
-6.85112
-6.78058
-6.83029
-4.27987
-6.81985
-5.73576
-6.82499
-6.86155
-6.80222
-6.78028
-6.71352
-6.83195
-6.81836
-6.86781
-6.78315
-4.70646
-6.78541
-6.86989
-6.83071
-6.78599
-6.84465
-6.73101
-6.77343
-6.87197
-6.67564
-6.80043
-6.85589
-6.76832
-6.87093
-6.86677
-6.63141
-4.33845
-6.83931
-6.86364
-6.83931
-6.82972
-6.52863
-6.80232
-6.7888
-6.70103
-6.78654
-6.48846
-6.61049
-6.87452
-6.86781
-6.77747
-6.85192
-6.83981
-6.86155
-6.69311
-6.8489
-6.56912
-6.85945
-6.76549
-6.8563
-6.76859
-3.72403
-6.74034
-6.85945
-6.67036
-6.84211
-6.8606
-6.62166
-6.82421
-6.72918
-6.84359
-6.81752
-4.20398
-6.86469
-6.856
-6.86573
-6.84465
-6.55514
-6.68941
-6.86155
-6.86573
-6.8605
-6.86766
-6.6581
-6.83337
-6.76486
-6.79177
-6.87507
-6.8601
-6.79847
-6.8626
-6.77176
-6.86155
-6.85695
-6.85945
-6.79553
-5.78233
-6.76986
-6.75963
-6.80932
-5.22159
-6.88228
-6.77931
-6.87364
-6.82078
-6.79777
-6.87206
-6.83717
-6.78569
-5.08372
-6.82746
-6.85549
-6.85589
-6.80808
-6.83014
-5.74843
-6.83609
-5.67804
-6.82746
-6.84359
-6.84572
-6.59694
-6.58125
-6.85525
-4.96564
-6.85271
-6.84996
-6.8792
-4.59416
-6.8605
-6.87507
-6.84038
-4.83088
-6.85945
-6.79556
-6.87197
-6.87714
-6.759
-6.84794
-6.81463
-6.87093
-6.85509
-4.47281
-6.74495
-6.85102
-6.78767
-6.79888
-6.87507
-6.86677
-4.52878
-4.4637
-6.8389
-5.23245
-6.86255
-6.87507
-6.82499
-6.84531
-6.88637
-6.85735
-6.86155
-6.63446
-6.83082
-6.87093
-6.74388
-6.84145
-6.87714
-6.82277
-6.87078
-6.88023
-6.81124
-6.87507
-6.81626
-6.01067
-6.88023
-6.87507
-6.85945
-6.24904
-6.76841
-6.85314
-6.8792
-6.86469
-6.86573
-5.25187
-4.39692
-6.87404
-5.30201
-6.85785
-6.87093
-6.88125
-6.84328
-4.2706
-6.88331
-6.87714
-6.84359
-5.79315
-6.87738
-6.88023
-5.18232
-5.31678
-6.82187
-6.8585
-5.00331
-6.86573
-6.58494
-4.81118
-6.82963
-6.86518
-6.84465
-6.7427
-6.86677
-6.85102
-6.84199
-4.63607
-5.16374
-6.86886
-6.84849
-6.87301
-6.84424
-6.87714
-6.83591
-6.68651
-6.87404
-5.7863
-4.44751
-6.8626
-6.70146
-6.84038
-6.83394
-6.86155
-6.80887
-6.86677
-6.78753
-6.43414
-6.85945
-6.8563
-6.86115
-6.43131
-6.87714
-6.87404
-5.42307
-4.54681
-6.88023
-4.19494
-6.88331
-6.85389
-6.83394
-6.01315
-4.69605
-6.84678
-6.83371
-6.86428
-6.60954
-6.85314
-6.82421
-6.62438
-4.0621
-6.69808
-6.74652
-6.85562
-6.86034
-6.87507
-6.85102
-5.13801
-4.82692
-6.8506
-6.77648
-6.87349
-6.74311
-6.89147
-5.74435
-6.83824
-5.17598
-6.85314
-6.82963
-6.86895
-6.87301
-6.88354
-6.69043
-6.88331
-4.65056
-4.50759
-6.87404
-6.86677
-5.19898
-6.84572
-6.84277
-6.87053
-6.86469
-6.86573
-5.99685
-6.83765
-6.66154
-6.82746
-6.87374
-6.86573
-6.82078
-6.87611
-6.67815
-6.87571
-6.85273
-4.29307
-6.25138
-6.87093
-5.12213
-6.8149
-6.60436
-6.88944
-6.77176
-6.81766
-4.27478
-6.88023
-6.86155
-6.80111
-6.8498
-6.88125
-4.37972
-6.88331
-4.60716
-6.84252
-6.87167
-6.76134
-6.86989
-4.97382
-5.52303
-4.9597
-6.87259
-6.84915
-6.8874
-6.86364
-6.79957
-6.81585
-6.88125
-6.88228
-6.82638
-4.61087
-4.53579
-4.23603
-6.83824
-5.52928
-4.95645
-6.8584
-6.76371
-6.83394
-4.34846
-6.87404
-4.31186
-6.85627
-4.52842
-6.76118
-6.87197
-6.86573
-6.87714
-6.87611
-6.85664
-6.79624
-4.65551
-6.8605
-6.7788
-6.86701
-6.88535
-6.87611
-6.64061
-6.83755
-6.09345
-6.86573
-6.87117
-6.8792
-6.87817
-6.87507
-6.84637
-6.87197
-6.85549
-6.88944
-6.88125
-3.91083
-3.73973
-6.864
-6.87364
-6.8635
-6.88433
-6.86805
-6.85208
-6.76049
-3.82262
-6.86989
-6.22247
-6.82939
-6.87404
-6.88023
-6.84129
-4.48075
-6.8584
-6.80222
-6.75209
-6.87817
-6.8657
-6.8563
-6.84843
-4.67177
-6.88842
-6.84955
-6.87507
-6.86504
-6.87611
-6.8874
-6.8874
-6.88637
-6.85429
-6.87261
-6.88331
-4.22021
-6.84211
-4.36006
-6.86354
-6.84572
-6.37272
-4.6435
-6.83941
-6.85525
-6.87301
-4.44986
-6.87517
-6.82811
-6.84996
-6.88535
-6.88228
-6.81437
-6.74544
-6.82237
-6.83394
-6.86796
-6.82094
-6.8467
-6.84145
-6.80779
-6.84465
-6.80856
-6.87714
-6.81547
-6.86714
-3.97855
-4.21014
-4.58665
-6.88433
-6.8605
-6.7729
-6.88023
-6.88496
-6.54637
-5.56876
-6.88331
-6.87611
-6.82421
-6.88228
-6.88535
-6.73744
-4.38348
-3.18886
-6.84104
-6.83031
-6.86781
-4.40545
-6.86573
-6.66975
-6.8597
-6.88496
-6.86609
-6.84531
-6.80524
-6.83701
-6.53424
-6.81985
-6.88125
-6.86192
-6.88944
-6.88944
-6.76753
-4.30163
-6.81894
-6.83071
-6.84572
-6.82746
-4.30405
-6.88496
-4.17953
-6.88228
-6.82203
-6.81437
-6.85334
-6.86775
-6.87929
-6.20953
-6.88023
-4.34023
-6.86844
-6.85574
-6.82203
-6.85721
-6.76284
-6.8935
-6.7306
-5.86859
-6.84104
-6.89045
-6.87404
-6.86781
-3.87538
-6.86493
-6.79742
-6.88535
-6.88125
-6.8792
-6.87507
-5.15206
-4.22005
-6.86155
-6.86244
-6.87674
-4.75733
-6.88944
-6.86886
-4.37224
-6.87301
-6.87197
-4.20553
-6.87611
