0.895749
1.01219
1.02572
0.917089
0.948317
0.997922
0.971474
0.975933
0.848527
1.02876
0.993745
0.82922
0.998091
0.920784
0.828996
0.927487
0.872195
0.875561
0.991966
0.874701
0.899991
0.952484
1.03387
0.996939
0.903337
0.767135
0.992087
0.986098
0.778582
0.87808
0.808703
0.81723
0.821258
0.924964
0.939017
0.970712
0.888723
0.969314
1.0049
0.943228
0.998395
0.920088
0.894203
0.906279
0.922092
0.813007
0.911541
0.834428
0.776775
0.888313
0.902594
0.932665
1.04937
0.933704
0.889313
1.06607
0.893392
0.93097
0.930874
0.782374
0.957323
0.973673
0.923614
0.9222
0.91827
0.781308
0.885197
0.862268
0.823798
0.969187
0.862445
0.797714
0.981972
0.890888
0.869705
0.956732
0.953718
1.00199
0.958821
0.739903
0.875321
0.849373
0.862153
0.952271
0.887564
0.904909
1.01769
0.994182
0.914046
1.05232
1.00501
0.995963
0.944907
0.828057
0.962877
0.95608
0.870888
0.911104
0.894672
0.828922
0.964237
0.857615
0.805677
0.997688
0.897608
0.874103
1.07033
1.01075
