0.37617
0.426951
0.42298
0.355755
0.466481
0.37411
0.409227
0.432985
0.354054
0.454259
0.390331
0.409723
0.41727
0.370648
0.448995
0.396357
0.421302
0.40253
0.382515
0.445608
0.366615
0.43159
0.408055
0.367357
0.460864
0.355121
0.421192
0.426309
0.354835
0.458914
0.373611
0.415155
0.424774
0.364879
0.442837
0.390036
0.419607
0.403741
0.389075
0.428112
0.377084
0.432342
0.399685
0.391612
0.443273
0.354802
0.43731
0.408162
0.377268
0.453865
0.359258
0.427992
0.413978
0.384187
0.437606
0.378331
0.428978
0.410908
0.401864
0.418287
0.383828
0.442951
0.3908
0.414723
0.420801
0.361284
0.459395
0.385595
0.406256
0.440599
0.352312
0.452586
0.395269
0.399818
0.435356
0.365447
0.446518
0.407852
0.406699
0.410386
0.379218
0.444252
0.389816
0.422167
0.407826
0.373995
0.45755
0.367289
0.422245
0.427695
0.354283
0.461963
0.372489
0.405415
0.433245
0.353978
0.44892
0.393112
0.408211
0.417748
0.373049
0.435822
0.395265
0.420388
0.40555
0.387169
0.435843
0.365856
0.428338
0.412588
0.370953
0.452008
0.360848
0.418508
0.422026
0.364832
0.447981
0.379591
0.417254
0.423831
0.383569
0.428453
0.393484
0.421756
0.402561
0.402499
0.415571
0.378369
0.439213
0.396987
0.402442
0.435324
0.360125
0.445637
0.402176
0.392622
0.442235
0.366084
0.434541
0.41175
0.397199
0.419797
0.382994
0.435219
0.40768
0.412387
0.40556
0.387411
0.449208
0.38454
0.423928
0.41475
0.365395
0.459099
0.376066
0.408269
0.431712
0.358071
