0
63
143
206
366
429
509
572
652
732
818
823
875
938
1
32
175
290
298
367
398
541
656
764
807
876
907
2
72
368
438
466
471
511
734
804
832
837
877
3
110
230
253
369
404
596
619
739
770
878
985
4
75
287
335
370
478
584
653
701
844
879
950
5
371
491
514
698
857
880
6
46
274
331
417
640
697
783
7
30
261
373
396
539
627
735
762
882
905
8
186
191
197
329
334
374
517
563
695
700
883
929
9
65
180
375
391
431
518
757
797
884
10
33
275
376
519
681
742
885
908
11
377
389
755
886
12
18
78
161
301
444
527
810
862
893
13
70
156
213
341
379
449
522
579
707
745
815
888
945
14
60
380
523
569
746
889
935
15
210
304
381
447
521
524
719
747
813
890
16
342
382
485
851
891
17
86
160
383
492
526
537
749
892
961
12
18
78
384
444
496
527
587
810
862
893
953
19
42
162
242
243
358
385
408
528
609
724
751
774
894
917
20
36
59
116
202
259
278
345
402
425
482
568
625
644
711
768
895
934
991
21
58
201
350
352
387
424
530
567
718
859
896
933
22
142
388
435
475
508
531
651
754
897
23
377
389
743
898
24
47
167
190
247
289
390
533
556
655
690
756
899
922
25
208
232
391
546
574
598
741
900
912
940
26
117
128
392
454
535
626
637
758
820
901
992
27
52
170
256
393
536
622
759
902
927
28
97
126
240
463
595
606
829
903
972
29
96
136
279
462
645
7
30
261
373
396
516
539
627
735
762
882
905
31
266
397
540
632
763
906
1
32
175
290
298
367
398
541
656
764
807
876
907
10
33
275
376
519
681
742
885
908
34
177
229
251
269
400
543
766
909
35
204
401
544
559
570
601
713
910
925
20
36
179
202
259
278
345
386
402
488
545
644
711
768
854
911
37
89
168
208
232
403
455
534
574
598
717
900
912
964
38
87
110
404
453
476
512
596
842
878
913
962
39
302
405
548
578
618
811
914
40
137
183
217
263
360
406
503
549
726
772
869
915
41
66
101
184
264
270
407
432
467
550
693
773
916
941
976
19
42
162
243
358
385
408
528
551
609
671
724
751
894
917
43
111
134
151
254
277
294
409
420
437
477
620
643
660
786
803
918
986
44
187
338
410
458
479
553
776
845
847
919
45
211
411
515
555
577
720
920
6
46
131
274
640
697
881
24
47
104
247
289
324
390
413
470
613
690
756
798
836
922
979
48
106
231
340
414
472
557
597
615
706
838
849
923
981
49
64
84
227
361
415
430
558
593
727
781
796
924
959
50
61
178
416
427
544
570
910
925
936
51
372
412
417
560
783
840
926
27
52
170
256
313
315
393
536
679
902
927
53
55
139
163
196
362
419
421
505
529
562
648
728
785
871
928
930
54
151
186
334
420
477
517
552
563
786
843
883
918
929
53
55
139
163
196
219
276
362
419
421
505
562
728
785
871
928
930
56
239
355
395
422
565
605
931
57
120
137
200
263
280
343
423
486
503
566
629
646
709
772
789
852
932
995
21
58
350
352
387
424
530
567
718
790
859
861
896
933
20
59
116
202
259
278
282
339
425
482
568
625
787
791
848
895
934
991
14
60
157
426
523
889
935
50
61
178
416
427
544
570
793
910
925
936
62
308
428
451
817
841
937
0
63
143
206
286
309
429
457
509
572
652
795
823
875
938
49
64
84
361
415
430
450
593
727
781
870
939
959
9
65
180
375
391
431
546
741
757
940
41
66
101
184
264
270
407
432
467
550
636
693
773
916
941
976
67
95
224
318
433
461
590
604
664
827
942
956
970
68
149
189
434
577
777
943
69
102
109
222
365
468
731
834
977
984
13
70
236
341
379
436
449
579
602
745
815
850
945
71
134
214
254
357
397
409
437
500
580
620
643
723
763
775
803
866
946
2
72
225
328
368
438
466
591
694
734
947
73
132
172
176
439
582
685
948
74
326
440
583
692
835
949
4
75
112
144
441
478
513
653
844
879
950
987
76
133
198
219
276
442
499
564
585
642
672
808
865
951
77
140
220
283
363
443
506
586
649
729
809
872
952
12
18
78
378
384
444
496
587
750
810
862
893
953
79
182
445
548
588
691
944
954
80
223
314
349
446
452
589
680
715
812
955
81
155
210
238
381
447
576
604
747
942
956
970
82
100
185
215
225
448
581
591
694
814
947
957
975
83
93
236
293
436
449
459
484
602
802
850
958
968
49
64
84
272
361
415
450
593
727
781
870
939
959
85
205
451
571
594
817
937
960
17
86
160
171
303
492
526
537
669
858
892
38
87
110
146
333
453
476
512
596
819
842
878
913
962
88
117
249
271
392
454
483
615
637
758
780
963
992
37
89
168
208
403
455
534
598
717
821
900
964
90
233
399
418
456
599
765
784
822
965
91
675
966
92
115
124
336
490
624
633
702
990
83
93
236
293
436
459
484
602
802
825
850
958
968
94
346
460
603
712
969
67
95
224
238
461
590
604
664
827
942
956
970
29
96
279
645
971
28
97
126
240
394
463
595
606
829
972
98
141
273
364
464
507
607
639
744
873
973
99
122
242
265
322
465
501
608
631
752
774
831
867
974
997
82
100
185
215
225
328
448
581
591
694
814
947
957
975
41
66
101
184
264
270
407
467
550
630
636
773
916
941
976
69
102
109
365
468
611
731
834
977
103
297
469
663
978
47
104
247
324
327
413
470
613
693
756
779
798
833
836
922
979
105
145
295
323
471
511
654
661
980
48
106
231
340
414
472
597
615
780
838
849
923
981
107
195
250
473
561
616
622
824
839
982
988
108
337
474
480
703
738
778
846
983
69
102
109
245
365
468
611
731
874
977
3
38
87
110
230
404
476
512
596
619
842
878
962
985
43
111
151
277
294
420
477
552
620
643
660
786
843
918
986
75
112
144
147
441
478
513
621
653
844
879
987
113
187
195
330
473
696
704
824
839
988
114
257
480
617
623
738
846
983
989
92
115
124
267
336
481
633
702
990
20
59
116
202
259
278
339
425
482
568
625
787
791
848
895
934
991
26
88
117
249
271
392
454
483
637
758
963
992
118
150
293
316
459
484
592
659
682
825
958
993
119
212
485
525
628
891
994
57
120
137
200
263
280
343
406
423
486
503
566
629
646
709
772
789
852
869
932
995
121
127
209
244
264
487
575
610
630
636
853
941
976
996
99
122
135
179
322
465
488
501
545
631
688
752
831
854
997
123
174
317
489
683
998
92
115
124
336
490
624
633
702
990
125
148
491
514
657
658
698
28
97
126
240
383
606
749
903
961
972
121
127
209
244
344
487
493
575
610
710
753
853
996
26
128
169
260
392
454
494
535
626
637
820
901
992
129
138
207
281
307
495
647
673
716
130
221
241
378
384
496
587
730
750
953
46
131
188
497
640
697
881
921
73
132
216
582
685
948
76
133
198
219
276
442
499
564
585
642
672
808
865
951
43
71
134
214
254
277
294
357
409
437
500
580
620
643
723
763
775
803
866
946
986
122
135
179
322
386
465
488
501
545
631
688
752
831
854
911
997
29
136
462
502
645
828
864
904
40
57
120
137
200
263
280
343
360
406
423
486
503
566
629
646
709
772
789
852
869
915
932
995
129
138
207
272
307
504
573
638
647
673
816
53
55
139
163
196
282
339
362
419
421
505
529
562
648
705
787
871
928
77
140
220
283
300
363
443
506
586
649
729
809
872
952
98
141
273
464
507
650
830
873
22
142
388
435
475
508
651
754
897
0
63
143
206
286
309
366
429
509
572
652
795
823
875
938
75
112
144
147
255
441
478
510
513
621
879
987
105
145
295
323
471
511
654
661
804
877
980
87
146
310
333
453
512
547
676
699
819
842
913
112
144
147
255
441
510
513
621
764
807
987
125
148
491
514
657
658
698
68
149
189
411
434
577
777
943
118
150
173
226
316
516
539
592
627
659
682
993
43
54
111
151
186
420
477
517
552
660
786
843
918
929
986
152
248
288
518
614
654
689
797
153
275
519
542
641
662
885
908
154
246
520
612
81
155
210
238
381
447
576
604
747
813
956
13
156
213
299
306
341
356
522
579
665
707
722
815
888
60
157
426
523
666
792
889
158
304
353
521
524
667
670
719
887
890
159
212
252
262
525
628
994
17
86
160
171
303
492
526
537
669
858
892
12
161
301
353
527
667
670
810
862
887
19
42
162
305
358
385
408
528
551
609
671
724
894
917
53
55
139
163
196
219
276
362
419
421
505
562
728
785
871
928
930
164
281
350
424
495
530
647
673
716
790
861
165
285
531
651
674
794
801
897
166
234
600
24
167
181
190
289
310
533
556
655
676
699
899
37
89
168
351
403
455
534
717
769
821
964
128
169
260
311
494
535
626
678
820
860
901
27
52
170
256
313
315
418
536
679
902
927
86
160
171
303
492
526
669
858
892
73
172
176
439
805
150
173
226
516
539
627
682
882
905
993
123
174
540
632
683
906
998
1
32
175
290
298
318
367
541
684
733
799
907
73
172
176
296
439
805
34
177
229
320
543
635
686
760
909
50
61
178
235
416
427
544
687
793
925
936
36
122
135
179
322
345
386
402
488
545
644
688
752
854
911
997
9
65
180
375
391
431
546
741
757
797
884
940
167
181
190
310
533
547
556
655
676
699
899
79
182
445
548
618
691
811
944
954
40
183
217
360
549
583
692
726
915
949
41
66
101
184
270
327
407
432
467
550
693
779
833
836
916
82
100
185
215
305
448
551
581
671
814
957
975
8
54
151
186
334
420
477
517
552
563
695
700
843
883
929
44
113
187
330
338
479
553
696
704
824
919
131
188
497
554
863
881
921
68
149
189
434
777
800
943
24
167
181
190
289
310
390
533
556
655
676
699
899
8
191
197
329
374
557
695
700
706
740
838
923
192
218
227
287
370
558
584
701
736
796
924
193
258
347
401
713
767
856
967
194
372
474
560
703
778
840
926
107
113
195
330
473
561
616
824
839
982
988
53
55
139
163
196
282
339
419
421
505
529
562
648
705
787
791
871
928
8
191
197
329
334
374
563
695
700
706
740
883
76
133
198
299
306
356
442
499
564
665
672
808
865
951
199
239
565
708
721
748
761
57
120
137
200
263
280
343
423
486
503
566
629
646
709
789
852
932
995
21
201
344
352
387
493
567
710
718
753
859
933
20
36
59
116
202
259
278
345
402
425
482
568
625
644
711
768
895
934
991
203
237
380
569
746
35
204
401
544
559
570
601
713
910
925
85
205
228
571
594
960
0
63
143
206
223
314
366
509
572
732
818
823
875
938
129
138
207
272
307
504
573
638
647
673
816
25
37
89
208
232
534
574
598
900
912
964
121
127
209
244
344
487
493
575
610
710
753
853
996
15
81
155
210
238
381
447
521
576
747
813
890
45
211
411
555
577
720
119
159
212
252
262
525
628
994
13
156
213
341
379
522
579
707
722
815
888
945
71
134
214
254
266
357
397
409
437
500
580
723
763
775
803
866
946
82
100
185
215
305
448
551
581
671
814
957
975
132
216
319
498
538
582
685
725
40
183
217
360
549
583
692
726
915
949
192
218
227
287
370
558
584
701
736
796
924
55
76
133
163
219
276
362
419
564
585
642
672
728
785
930
951
77
140
220
363
443
506
586
649
729
809
872
952
130
221
241
378
384
587
730
750
953
69
222
325
468
588
691
731
834
984
80
206
223
314
349
366
589
715
732
818
955
67
95
224
318
433
461
590
664
684
827
942
970
72
82
100
225
328
466
581
591
694
734
947
957
150
173
226
316
516
539
592
627
682
905
993
49
192
218
227
430
558
593
727
736
796
924
205
228
292
332
348
594
714
737
34
177
229
320
543
635
686
760
909
3
110
230
253
404
476
596
619
739
770
878
962
985
48
106
231
340
414
472
557
597
615
706
780
838
849
923
981
25
37
208
232
391
546
574
598
741
900
912
940
964
90
233
376
399
599
681
742
784
965
166
234
532
178
235
284
321
416
427
687
782
793
70
83
93
236
379
436
449
602
745
802
850
945
968
203
237
603
712
746
81
95
155
210
238
447
576
590
604
747
942
956
970
56
199
239
395
565
605
931
28
97
126
240
383
606
749
903
961
972
130
221
241
364
607
639
730
744
750
19
99
242
243
265
358
385
408
465
608
631
751
774
867
974
19
42
242
243
358
385
408
528
608
751
774
867
894
974
121
127
209
244
344
487
575
610
630
710
853
996
109
245
365
435
508
611
754
874
977
154
246
520
612
24
47
104
247
289
324
390
413
470
613
690
756
798
836
922
979
152
248
288
518
614
689
797
884
88
117
249
271
414
483
597
615
758
780
849
963
981
107
250
393
561
616
622
759
927
982
34
251
257
269
400
623
766
909
159
212
252
262
628
668
771
3
230
253
369
373
619
739
762
770
985
43
71
134
214
254
277
294
357
409
437
500
580
620
643
723
763
775
803
866
946
986
144
147
255
398
441
510
513
621
656
764
807
876
987
27
52
170
256
393
536
679
759
902
927
114
251
257
269
400
617
623
766
989
193
258
347
490
624
702
856
967
20
36
59
116
202
259
278
345
402
482
568
625
644
711
768
895
934
991
128
169
260
311
494
535
626
677
678
820
860
7
30
261
373
396
516
539
627
735
762
882
905
159
212
252
262
628
668
771
40
57
120
137
200
263
280
343
360
406
423
486
503
566
629
646
709
772
789
852
869
932
995
41
66
101
121
264
270
407
487
575
610
630
636
773
941
976
996
99
242
265
322
465
501
608
631
751
752
774
831
867
974
997
31
214
266
397
540
632
723
763
906
115
267
336
481
633
776
847
268
291
434
634
800
34
251
257
269
400
766
909
41
66
101
184
264
270
407
467
550
630
636
773
916
941
976
88
117
249
271
392
454
483
615
637
758
780
963
992
84
138
207
272
450
504
573
638
781
816
870
939
98
141
273
464
507
639
744
830
873
973
6
46
274
331
640
697
783
10
33
153
275
376
519
885
908
55
76
133
163
219
276
362
419
564
585
642
672
728
785
930
951
43
111
134
254
277
294
409
437
477
500
620
643
660
786
803
918
986
20
36
59
116
202
259
278
345
402
425
482
568
625
644
711
768
895
934
991
29
96
279
645
788
971
57
120
137
200
263
280
343
406
423
486
503
566
629
646
709
772
789
852
869
932
995
129
164
281
350
495
530
647
673
716
790
861
59
139
196
282
339
421
425
482
505
529
562
648
705
787
791
848
895
77
140
283
300
443
649
666
792
809
235
284
321
416
650
687
782
793
830
165
285
531
651
674
794
801
897
63
143
286
309
429
457
509
572
652
795
823
875
938
4
192
218
287
335
370
584
653
701
736
844
950
152
248
288
323
518
614
654
661
689
980
24
47
167
190
247
289
324
390
533
556
613
655
690
756
899
922
1
32
175
290
298
367
398
541
656
764
876
907
268
291
634
657
800
228
292
332
348
371
714
737
83
93
118
293
316
459
484
592
659
802
825
958
968
43
111
134
254
277
294
409
437
500
620
643
660
786
803
918
986
105
145
295
323
471
511
654
661
980
176
296
542
641
662
805
103
297
469
663
978
1
32
175
290
298
318
367
541
684
733
799
907
156
198
299
306
356
442
499
665
672
707
722
808
865
140
283
300
443
649
666
792
809
12
161
301
353
527
667
670
810
862
887
39
302
405
578
668
771
914
86
160
171
303
446
452
669
812
858
15
158
304
353
521
524
670
719
813
890
162
185
215
305
448
528
551
609
671
724
814
917
975
156
198
299
306
356
442
499
665
707
722
808
865
129
138
207
307
504
573
638
647
673
816
62
308
428
674
794
801
817
841
63
143
286
309
429
457
652
795
823
146
167
181
190
310
333
547
655
676
699
819
169
260
311
312
494
535
677
678
860
311
312
351
677
678
769
821
860
52
170
313
315
418
456
679
765
822
80
206
223
314
349
366
589
715
732
818
955
52
170
313
315
418
456
536
679
765
822
118
150
226
293
316
459
592
659
682
825
993
123
317
489
683
826
855
67
175
224
298
318
433
461
664
684
733
799
827
216
319
359
498
538
725
177
229
320
394
463
635
686
760
829
235
284
321
416
650
687
782
793
830
99
122
135
179
265
322
465
488
501
545
631
688
752
831
854
997
105
145
288
295
323
614
654
661
980
47
104
247
289
324
390
413
470
613
690
756
798
836
922
979
222
325
588
691
834
944
954
984
74
326
440
583
692
806
835
949
104
184
327
413
432
467
470
550
693
779
798
833
836
916
979
72
100
225
328
368
438
466
581
591
694
734
947
957
8
191
197
329
334
374
557
563
695
700
706
740
838
113
187
195
330
473
696
704
824
839
988
6
274
331
417
697
783
228
292
332
348
371
714
737
87
146
310
333
453
512
547
676
699
819
842
913
8
54
186
197
329
334
374
517
563
695
700
843
883
929
4
287
335
370
584
653
701
736
844
879
950
92
115
124
267
336
481
633
990
108
337
474
703
738
778
846
983
44
187
338
410
458
479
553
704
845
919
59
116
139
196
282
339
421
425
482
529
562
648
705
787
791
848
895
934
48
106
231
340
414
472
557
706
740
838
923
981
13
70
156
213
341
379
449
522
579
707
745
815
888
945
16
342
382
708
748
761
851
57
120
137
200
263
280
343
423
486
503
566
629
646
709
789
852
932
995
127
201
209
244
344
487
493
710
718
753
853
20
36
179
202
259
278
345
386
402
488
545
644
711
768
854
911
94
346
460
603
712
969
193
258
347
401
713
767
856
967
228
292
332
348
371
714
737
80
223
314
349
446
452
589
680
715
812
955
21
58
164
281
350
352
424
495
530
716
790
861
896
933
168
312
351
403
455
677
678
717
769
821
21
58
201
350
352
387
424
530
567
718
859
896
933
158
161
301
304
353
667
670
719
887
354
515
554
720
863
920
56
355
395
422
605
788
931
971
156
198
299
306
356
499
522
665
707
722
808
865
71
134
214
254
357
397
409
437
500
580
723
763
775
803
866
946
19
42
162
242
243
358
385
408
528
609
724
751
774
894
917
319
359
498
725
868
40
137
183
217
263
360
406
503
549
726
772
869
915
49
64
84
361
415
430
450
593
727
781
924
939
959
53
55
139
163
219
276
362
419
505
562
585
642
728
785
871
928
930
77
140
220
363
443
506
586
729
809
872
952
98
241
364
607
639
730
744
873
973
69
102
109
245
365
468
611
731
874
977
0
143
206
223
314
366
509
572
732
818
823
875
938
1
32
175
290
298
367
541
684
733
799
907
2
72
328
368
438
466
734
804
832
837
877
3
253
369
373
396
619
735
739
762
770
4
192
218
287
335
370
584
653
701
736
844
950
5
292
332
348
371
737
857
880
51
194
372
412
474
560
703
840
926
7
30
253
261
369
373
396
735
739
762
770
882
8
191
197
329
334
374
557
563
695
700
706
740
838
883
9
65
180
375
391
431
546
741
757
884
940
10
33
233
275
376
399
681
742
885
11
23
377
389
743
898
78
130
221
378
384
496
587
750
953
13
70
213
236
341
379
436
449
522
579
745
815
888
945
14
203
380
569
746
889
935
15
81
155
210
381
447
521
576
747
813
890
16
342
382
708
748
761
851
17
126
240
383
492
526
537
749
892
903
961
18
78
130
221
378
384
444
496
587
750
893
953
19
42
162
242
243
358
385
408
528
608
609
724
751
774
867
894
917
36
135
179
345
386
402
488
545
644
688
711
768
854
911
21
58
201
352
387
493
567
710
718
753
859
896
933
22
142
388
435
475
508
651
754
897
11
23
377
389
755
886
24
47
190
247
289
324
390
533
556
613
655
690
756
899
922
9
25
65
180
232
375
391
431
546
574
741
757
940
26
88
117
128
271
392
454
626
637
758
820
901
992
27
52
250
256
393
536
561
622
759
902
927
97
320
394
463
595
635
686
829
56
239
355
395
422
565
605
931
7
30
261
369
373
396
735
739
762
882
905
31
71
214
266
357
397
580
723
763
775
866
906
946
1
32
255
290
398
510
541
656
764
807
876
907
90
233
376
399
599
681
742
784
965
34
251
257
269
400
543
766
909
35
193
204
347
401
559
601
713
767
910
20
36
179
202
259
278
345
386
402
545
568
625
644
711
768
854
911
37
89
168
351
403
455
534
717
769
821
964
3
38
110
230
404
476
596
619
770
878
962
985
39
302
405
578
668
771
914
40
120
137
263
280
360
406
503
549
629
646
726
772
869
915
995
41
66
101
184
264
270
407
467
550
630
636
773
916
941
976
19
42
162
242
243
358
385
408
528
608
609
724
751
774
894
917
43
71
134
214
254
277
294
357
409
437
500
580
620
643
660
723
775
803
866
946
986
44
338
410
458
776
845
847
919
45
149
211
411
577
777
943
51
372
412
417
560
783
840
926
47
104
247
324
327
413
432
470
613
693
779
798
833
836
979
48
106
231
249
340
414
472
597
615
780
849
923
963
981
49
64
84
361
415
430
593
727
781
924
939
959
50
61
178
235
284
321
416
427
687
782
793
6
51
331
412
417
783
840
926
90
170
313
315
418
456
679
765
822
53
55
139
163
196
219
276
362
419
421
505
562
728
785
871
928
930
43
54
111
151
186
420
477
517
552
660
786
843
918
929
986
53
55
139
163
196
282
339
419
421
505
529
562
648
705
787
791
871
928
56
355
395
422
605
788
931
971
57
120
137
200
263
280
343
423
486
503
566
629
646
709
772
789
852
932
995
21
58
164
350
352
424
530
790
861
896
933
20
59
116
202
278
282
339
425
482
529
568
625
648
705
787
791
848
895
934
991
60
157
426
523
666
792
889
935
50
61
178
235
416
427
544
687
793
936
62
308
428
674
794
801
817
841
0
63
143
286
309
429
457
509
572
652
795
823
875
938
49
64
227
361
415
430
558
593
727
796
924
959
9
65
180
375
391
431
518
757
797
884
41
66
184
327
413
432
467
470
550
693
779
798
833
836
916
67
224
318
433
461
664
684
733
799
827
68
149
189
268
434
777
800
943
22
142
245
388
435
475
508
754
874
897
70
83
93
236
379
436
449
602
745
802
850
945
968
43
71
134
214
254
277
294
357
409
437
500
580
620
643
723
763
775
803
866
946
2
72
328
368
438
466
734
804
832
837
877
73
172
176
439
805
948
74
326
440
692
806
835
949
75
112
144
147
255
441
478
510
513
621
807
987
76
133
198
299
306
442
499
564
585
642
672
808
865
951
77
140
220
283
300
363
443
506
586
649
729
809
872
952
12
18
78
384
444
496
527
810
862
893
953
79
182
445
548
618
811
914
954
80
303
349
446
452
589
680
812
955
15
81
155
210
238
381
447
576
747
813
82
100
185
215
305
448
551
581
591
694
814
957
975
13
70
83
236
341
379
436
449
579
602
745
802
815
850
945
64
84
272
361
450
504
573
638
781
816
870
939
959
62
85
451
571
817
937
960
80
303
349
446
452
680
812
955
38
87
146
333
453
476
512
547
819
842
913
962
26
88
117
128
271
392
454
626
637
758
820
901
992
37
89
168
351
403
455
534
717
769
821
964
90
313
315
418
456
599
765
784
822
965
63
286
309
429
457
652
795
44
338
410
458
776
845
847
919
83
93
118
293
316
459
484
592
602
659
802
825
958
968
94
346
460
826
855
969
67
95
224
318
433
461
590
604
664
827
942
956
970
29
136
462
502
645
864
28
97
320
394
463
595
606
829
972
98
141
273
464
507
650
830
873
973
99
122
135
242
265
322
465
501
608
631
688
752
831
867
974
997
2
72
225
328
368
438
466
591
694
734
947
41
66
101
184
270
327
407
432
467
550
693
773
779
833
916
69
102
109
222
365
468
731
834
977
103
297
469
806
835
47
104
247
324
327
413
432
470
613
693
779
798
833
836
979
2
105
145
295
471
511
804
832
837
877
48
106
231
340
414
472
557
706
740
838
923
981
107
113
195
330
473
561
616
824
839
982
988
108
194
337
372
474
560
703
778
840
22
142
388
435
475
508
531
651
754
897
38
87
110
230
404
453
476
512
596
842
878
913
962
985
43
54
111
151
186
277
420
477
517
552
660
786
843
918
929
986
4
75
112
144
441
478
513
653
844
879
950
987
44
187
338
479
553
696
704
919
108
114
480
617
623
738
846
983
989
115
267
336
481
633
776
847
20
59
116
202
259
278
282
339
425
482
568
625
705
787
791
848
895
934
991
88
117
249
271
483
597
615
637
758
780
849
963
981
83
93
118
293
459
484
602
659
802
825
850
958
968
16
119
485
525
851
891
994
57
120
137
200
263
280
343
423
486
503
566
629
646
709
772
789
852
869
932
995
121
127
209
244
264
344
487
575
610
630
636
853
996
36
122
135
179
322
345
386
488
501
545
688
752
831
854
911
997
123
317
489
683
826
855
92
124
258
490
624
702
856
967
990
5
125
148
491
514
658
698
857
880
17
86
160
171
383
492
526
537
749
892
961
127
201
209
344
387
493
567
710
718
753
853
859
128
169
260
311
494
535
626
678
820
860
901
129
164
281
350
495
530
647
673
716
790
861
18
78
130
378
384
444
496
587
750
862
893
953
131
188
497
863
881
921
216
319
359
498
538
725
76
133
198
299
306
356
442
499
564
585
642
672
808
865
951
71
134
214
254
277
294
357
409
437
500
580
620
643
723
763
775
803
866
946
99
122
135
265
322
465
488
501
608
631
688
752
831
867
974
997
136
462
502
828
864
868
904
40
57
120
137
200
263
280
343
360
406
423
486
503
566
629
646
709
726
772
789
852
869
915
932
995
138
207
272
307
450
504
573
638
816
870
939
53
55
139
163
196
282
362
419
421
505
529
562
648
705
728
785
871
928
77
140
220
363
443
506
586
649
729
809
872
952
98
141
273
464
507
639
744
830
873
973
22
142
245
388
435
475
508
611
754
874
0
63
143
206
286
366
429
509
572
652
795
823
875
938
144
147
255
398
441
510
621
656
764
807
876
987
2
105
145
295
471
511
804
832
837
877
38
87
110
146
333
453
476
512
596
819
842
878
913
962
75
112
144
147
255
441
478
513
621
653
844
879
987
5
125
148
491
514
658
698
857
880
45
354
515
554
555
720
920
30
150
173
226
261
516
539
627
682
882
905
993
8
54
151
186
334
420
477
517
552
563
786
843
883
929
9
152
248
288
431
518
614
689
797
884
10
33
153
275
519
885
908
154
246
520
755
886
15
158
210
304
381
521
524
719
813
890
13
156
213
341
356
379
522
579
665
707
722
815
888
14
60
157
426
523
792
889
935
15
158
304
521
524
670
719
813
890
119
159
212
485
525
628
891
994
17
86
160
171
383
492
526
537
669
858
892
961
12
18
161
301
444
527
667
810
862
887
893
19
42
162
243
305
358
385
408
528
551
609
671
724
751
894
917
53
139
196
282
339
421
425
505
529
562
648
705
787
791
848
871
928
21
58
164
281
350
352
424
495
530
716
790
861
896
933
22
165
285
475
531
651
897
234
532
24
167
181
190
289
390
533
556
655
676
690
756
899
922
37
89
168
208
403
455
534
598
717
900
912
964
26
128
169
260
311
494
535
626
820
860
901
992
27
52
170
256
315
393
536
679
902
927
17
86
160
383
492
526
537
749
892
961
216
319
498
538
582
685
725
7
30
150
173
226
261
516
539
627
735
882
905
993
31
174
266
540
632
906
998
1
32
175
290
298
367
398
541
684
733
799
907
153
296
542
641
662
34
177
229
400
543
635
686
760
909
35
50
61
178
204
427
544
570
601
910
925
936
36
122
135
179
322
345
386
402
488
545
644
688
711
752
768
854
911
25
65
180
232
375
391
546
574
741
757
912
940
146
181
310
333
453
547
676
699
819
913
39
79
182
445
548
618
811
914
40
183
217
360
406
549
583
726
869
915
41
66
101
184
270
327
407
432
467
550
693
773
779
833
916
42
162
185
215
305
448
528
551
609
671
724
814
917
975
54
111
151
186
420
477
517
552
660
786
843
883
918
929
986
44
187
338
479
553
696
704
845
919
188
354
515
554
720
863
920
921
45
211
515
555
720
920
24
167
181
190
289
390
533
556
655
690
756
899
922
48
191
231
329
340
374
472
557
706
740
838
923
49
192
218
227
430
558
593
727
736
796
924
35
204
401
559
570
601
713
767
910
51
194
372
412
474
560
840
926
107
195
250
393
473
561
616
622
759
927
982
988
53
55
139
163
196
282
339
362
419
421
505
529
562
648
705
785
871
928
8
54
186
197
329
334
374
517
563
695
700
843
883
929
76
133
198
219
276
442
499
564
585
642
672
728
785
808
865
930
951
56
199
239
395
565
721
931
57
120
137
200
263
280
343
423
486
503
566
629
646
709
789
852
932
995
21
58
201
352
387
493
567
710
718
753
859
896
933
20
59
116
202
259
278
402
425
482
568
625
644
711
768
791
848
895
934
991
14
203
380
569
746
889
935
35
50
61
204
544
559
570
601
910
925
936
85
205
451
571
594
817
937
960
0
63
143
206
286
366
429
509
572
652
732
795
823
875
938
138
207
272
307
450
504
573
638
816
870
939
25
37
208
232
391
546
574
598
741
900
912
940
964
121
127
209
244
264
487
575
610
630
636
853
941
976
996
81
155
210
238
381
447
576
604
747
942
956
970
45
68
149
211
411
577
777
943
39
302
405
578
618
668
771
811
914
13
70
156
213
341
379
449
522
579
707
745
815
888
945
71
134
214
254
357
397
409
437
500
580
723
763
775
803
866
946
82
100
185
215
225
328
448
581
591
694
814
947
957
975
73
132
216
538
582
685
948
74
183
217
326
549
583
692
726
949
4
192
218
287
335
370
584
653
701
736
950
76
133
219
276
362
442
499
564
585
642
672
728
785
930
951
77
140
220
363
443
506
586
649
729
809
872
952
18
78
130
221
378
384
496
587
750
953
79
222
325
588
691
834
944
954
984
80
223
314
349
446
589
680
715
732
818
955
67
95
224
238
461
590
604
664
827
942
956
970
72
82
100
225
328
448
466
581
591
694
734
947
957
118
150
226
293
316
459
592
659
682
825
958
993
49
64
84
227
361
415
430
558
593
727
796
924
959
85
205
228
571
594
714
960
28
97
394
463
595
606
829
972
3
38
87
110
230
404
476
512
596
619
842
878
962
985
48
106
231
249
414
483
597
615
780
849
963
981
25
37
89
208
232
534
574
598
900
912
964
90
233
399
456
599
681
742
765
784
965
166
600
35
204
401
544
559
570
601
910
925
936
70
83
93
236
436
449
459
484
602
745
802
850
958
968
94
237
346
603
712
969
67
81
95
155
238
461
576
590
604
942
956
970
56
239
355
395
422
605
788
931
971
28
97
126
240
463
595
606
749
903
972
98
241
364
607
639
730
744
873
973
99
242
243
265
385
408
465
501
608
631
751
774
831
867
974
19
42
162
305
358
385
408
528
551
609
671
724
894
917
121
127
209
244
264
487
575
610
630
636
853
941
976
996
102
109
245
365
508
611
874
977
154
246
612
663
978
47
104
247
289
324
390
413
470
613
690
756
798
836
922
979
152
248
288
323
518
614
654
661
689
980
48
88
106
231
249
271
414
483
597
615
780
849
963
981
107
195
250
473
561
616
622
759
982
988
114
257
480
617
623
989
39
182
445
548
578
618
811
914
3
110
230
253
369
404
596
619
739
770
878
985
43
71
111
134
254
277
294
409
437
500
620
643
660
775
786
803
866
918
946
986
112
144
147
255
441
510
513
621
764
807
987
27
107
250
393
561
616
622
759
927
982
114
251
257
480
617
623
766
989
92
124
258
490
624
702
856
967
990
20
59
116
202
259
278
402
425
482
568
625
644
711
768
848
895
934
991
26
128
169
260
392
454
494
535
626
820
901
992
7
30
150
173
226
261
516
539
627
682
882
905
993
119
159
212
252
262
525
628
994
57
120
137
200
263
280
343
406
423
486
503
566
629
646
709
772
789
852
869
932
995
101
121
244
264
270
407
487
575
610
630
636
773
941
976
996
99
122
135
242
265
322
465
501
608
631
688
752
831
867
974
997
31
174
266
540
632
906
998
92
115
124
267
336
481
633
990
268
291
634
657
800
177
229
320
394
543
635
686
760
909
66
101
121
264
270
407
487
575
610
630
636
773
941
976
996
26
88
117
128
271
392
454
483
637
758
820
901
992
138
207
272
307
450
504
573
638
816
870
98
241
273
364
507
607
639
730
744
873
973
6
46
131
274
640
697
881
153
296
542
641
662
76
133
219
276
362
442
499
564
585
642
672
728
785
930
951
43
71
111
134
254
277
294
409
437
500
620
643
660
775
786
803
866
918
946
986
20
36
179
202
259
278
345
386
402
545
568
625
644
711
768
854
911
29
96
136
279
462
645
57
120
137
200
263
280
343
406
423
486
503
566
629
646
709
772
789
852
869
932
995
129
138
164
207
281
307
495
647
673
716
53
139
196
282
339
421
425
505
529
562
648
705
787
791
848
871
928
77
140
220
283
300
443
506
586
649
666
809
872
952
141
284
321
464
650
782
830
22
142
165
285
388
475
531
651
897
0
63
143
286
309
429
457
509
572
652
795
823
875
938
4
75
112
287
335
370
478
513
584
653
844
879
950
105
145
152
288
295
323
614
654
661
689
980
24
167
181
190
289
310
390
533
556
655
676
690
899
1
32
255
290
398
510
656
764
807
876
907
125
148
291
634
657
125
148
491
514
658
698
857
880
118
150
293
316
459
484
592
659
682
825
958
993
43
111
151
277
294
409
420
477
552
620
643
660
786
803
918
986
105
145
288
295
323
614
654
661
980
153
296
542
641
662
103
297
612
663
978
67
95
224
318
433
461
590
664
684
733
799
827
156
198
299
306
356
522
665
707
722
808
865
157
283
300
426
649
666
792
809
158
161
301
353
527
667
670
887
252
262
302
405
578
668
771
86
160
171
303
526
669
812
858
158
161
301
304
353
524
667
670
719
887
42
162
185
215
305
528
551
609
671
724
814
894
917
975
76
133
198
219
276
299
442
499
564
585
642
672
808
865
951
129
138
164
207
281
307
495
647
673
716
165
285
308
428
674
794
801
841
91
675
966
146
167
181
190
310
333
533
547
655
676
699
260
311
312
351
677
678
769
821
860
169
260
311
312
351
494
677
678
769
860
52
170
256
313
315
418
536
679
765
822
80
349
446
452
589
680
715
812
955
10
33
233
376
399
599
681
742
784
965
118
150
173
226
316
516
592
627
659
682
993
123
174
317
489
683
998
175
224
298
318
367
433
541
664
684
733
799
827
73
132
216
538
582
685
948
177
229
320
394
543
635
686
760
829
178
235
284
321
416
427
687
782
793
122
135
179
322
386
465
488
501
545
631
688
752
831
854
911
997
152
248
288
518
614
654
689
797
24
47
247
289
324
390
533
556
613
655
690
756
899
922
79
182
222
325
588
691
944
954
984
74
183
217
326
440
583
692
949
41
66
104
184
327
413
432
467
470
550
693
779
798
833
836
916
72
82
100
225
328
448
466
581
591
694
734
947
957
8
186
191
197
329
334
374
563
695
700
883
929
113
187
330
479
553
696
704
824
839
6
46
131
274
331
640
697
881
5
125
148
491
514
658
698
857
880
146
167
181
190
310
333
547
676
699
819
8
186
191
197
329
334
374
563
695
700
883
929
4
192
218
287
335
370
584
701
736
950
92
115
124
258
490
624
702
856
990
108
194
337
372
474
703
778
113
187
330
338
479
553
696
704
824
919
139
196
282
339
421
425
482
505
529
562
648
705
787
791
848
895
928
48
191
197
231
329
340
374
472
557
706
740
838
923
13
156
213
299
306
341
356
522
579
665
707
722
815
888
199
342
382
708
721
748
761
57
120
137
200
263
280
343
423
486
503
566
629
646
709
789
852
932
995
127
201
209
244
344
387
493
567
710
718
753
853
859
20
36
202
259
278
345
386
402
545
568
625
644
711
768
854
911
991
94
237
346
603
712
969
35
193
204
347
401
559
713
767
228
292
332
348
594
714
737
80
223
314
349
589
680
715
732
818
955
129
164
281
350
495
530
647
673
716
790
861
37
89
168
351
403
455
534
717
769
821
964
21
58
201
344
352
387
493
567
710
718
753
859
933
15
158
304
353
521
524
670
719
890
45
211
354
515
554
555
720
920
199
565
708
721
748
761
156
213
299
306
356
522
665
707
722
865
888
71
134
214
254
266
357
397
409
437
500
580
723
763
775
803
866
946
19
42
162
305
358
385
408
528
551
609
671
724
894
917
216
319
359
498
538
725
40
183
217
360
406
503
549
583
726
772
869
915
49
64
84
227
361
415
430
558
593
727
796
924
959
53
55
163
219
276
362
419
505
564
585
642
728
785
871
928
930
951
77
140
220
363
443
506
586
729
809
872
952
130
221
241
364
607
639
730
744
69
102
109
222
365
468
731
834
977
0
206
223
314
366
572
589
715
732
818
875
175
298
318
367
433
541
664
684
733
799
2
72
225
328
368
438
466
591
694
734
837
947
7
30
261
369
373
396
539
735
762
882
905
192
218
227
287
335
370
558
584
701
736
796
228
292
332
348
371
714
737
108
114
337
480
738
846
983
989
3
230
253
369
373
396
619
739
762
770
191
197
329
340
374
472
557
706
740
838
923
25
65
180
232
375
391
546
574
741
757
940
10
33
233
376
399
599
681
742
885
23
377
743
898
98
241
273
364
507
607
639
730
744
873
973
13
70
236
341
379
436
449
579
602
745
815
850
888
945
14
203
237
380
569
746
15
81
155
210
238
381
447
576
747
813
956
199
342
382
708
721
748
761
17
126
240
383
492
537
606
749
892
903
961
78
130
221
241
378
384
496
587
750
953
19
42
242
243
265
358
385
408
528
608
751
774
867
894
974
99
122
135
179
265
322
465
488
501
545
631
688
752
831
854
997
127
201
209
344
387
493
567
710
718
753
853
859
22
142
245
388
435
475
508
754
874
11
389
520
755
886
24
47
104
247
289
324
390
533
556
613
690
756
899
922
979
9
65
180
375
391
431
546
741
757
797
884
940
26
88
117
249
271
392
454
483
637
758
963
992
27
250
256
393
561
616
622
759
902
927
177
229
320
543
635
686
760
909
199
342
382
708
721
748
761
7
30
253
261
369
373
396
735
739
762
770
31
71
134
214
254
266
357
397
437
500
580
723
763
775
803
866
946
1
32
147
255
290
398
510
621
656
764
807
876
907
90
313
315
418
456
599
679
765
784
822
965
34
251
257
269
400
623
766
909
193
347
401
559
713
767
967
20
36
202
259
278
345
386
402
545
568
625
644
711
768
854
911
934
991
168
312
351
403
455
677
678
717
769
821
3
230
253
369
373
404
619
739
762
770
985
252
262
302
405
578
668
771
40
57
120
137
263
280
360
406
423
486
503
629
646
726
772
789
852
869
915
995
41
66
101
264
270
407
467
550
630
636
773
916
941
976
996
19
99
242
243
265
358
385
408
608
751
774
867
894
974
71
134
214
254
357
397
409
437
500
580
620
643
723
763
775
803
866
946
44
267
410
458
481
776
845
847
68
149
189
411
434
577
777
943
108
194
337
474
703
778
846
104
184
327
413
432
467
470
550
693
779
798
833
836
916
88
106
231
249
271
414
483
597
615
780
849
963
981
49
64
84
272
361
415
450
781
870
939
959
235
284
321
416
650
687
782
793
830
6
51
274
331
412
417
783
90
233
399
456
599
681
765
784
822
965
53
55
163
219
276
362
419
505
562
564
585
642
728
785
871
928
930
43
54
111
151
277
294
420
477
517
552
620
643
660
786
843
918
986
59
116
139
196
282
339
421
425
482
529
648
705
787
791
848
895
934
991
279
355
422
605
788
971
57
120
137
200
263
280
343
423
486
503
566
629
646
709
772
789
852
869
932
995
58
164
281
350
424
495
530
716
790
861
896
59
116
196
282
339
421
425
482
529
568
648
705
787
791
848
895
934
991
157
283
300
426
523
666
792
61
178
235
284
321
416
427
687
782
793
165
285
308
428
674
794
801
841
63
143
286
309
429
457
509
572
652
795
823
875
938
49
192
218
227
430
558
593
727
736
796
924
9
152
180
248
431
518
689
757
797
884
47
104
247
324
327
413
432
470
613
693
779
798
833
836
979
175
298
318
367
433
541
664
684
733
799
189
268
291
434
634
800
165
285
308
428
674
794
801
841
83
93
236
293
436
449
459
484
602
802
850
958
968
43
71
134
214
254
277
294
357
409
437
500
580
620
643
660
723
763
775
803
866
946
986
2
145
368
438
471
511
804
832
837
877
172
176
296
439
805
326
440
469
806
835
1
32
147
255
398
441
510
621
656
764
807
876
76
133
198
299
306
356
442
499
564
665
672
808
865
951
77
140
220
283
300
363
443
506
586
649
666
729
809
872
952
12
18
78
161
301
444
527
810
862
893
39
182
445
548
578
618
811
914
80
303
349
446
452
669
680
812
955
15
155
210
304
381
447
521
524
747
813
890
82
100
185
215
305
448
551
581
671
814
957
975
13
70
156
213
341
379
449
522
579
707
745
815
888
945
138
207
272
307
450
504
573
638
816
870
939
62
85
308
428
451
571
817
937
0
206
223
314
366
589
715
732
818
955
87
146
310
333
453
512
547
699
819
842
913
26
128
169
260
392
454
494
535
626
637
820
901
992
89
168
312
351
403
455
677
717
769
821
90
313
315
418
456
679
765
784
822
965
0
63
143
206
286
309
366
429
509
572
652
795
823
875
938
107
113
187
195
330
473
696
704
824
839
988
93
118
293
316
459
484
592
659
825
958
968
317
460
489
826
855
67
95
224
318
433
461
590
664
684
827
942
970
136
502
828
864
868
904
28
97
320
394
463
595
686
829
972
141
273
284
321
464
507
650
782
830
99
122
135
265
322
465
488
501
608
631
688
752
831
867
974
997
2
368
438
471
511
804
832
837
877
104
184
327
413
432
467
470
550
693
779
798
833
836
916
979
69
102
222
325
468
588
731
834
984
74
326
440
469
806
835
47
104
184
247
324
327
413
432
470
613
693
779
798
833
836
979
2
368
438
471
511
734
804
832
837
877
48
106
191
231
329
340
374
472
557
706
740
838
923
107
113
195
330
473
696
824
839
982
988
51
194
372
412
417
474
560
840
926
62
308
428
674
794
801
841
38
87
110
146
333
453
476
512
596
819
842
878
913
962
54
111
151
186
334
420
477
517
552
563
786
843
883
918
929
4
75
112
287
335
370
478
513
653
844
879
950
44
338
410
458
553
776
845
847
919
108
114
337
480
738
778
846
983
44
267
410
458
481
776
845
847
59
116
282
339
425
482
529
568
625
648
705
787
791
848
895
934
991
48
106
231
249
414
483
597
615
780
849
963
981
70
83
93
236
436
449
484
602
745
802
850
958
968
16
342
382
485
851
891
57
120
137
200
263
280
343
423
486
503
566
629
646
709
772
789
852
932
995
121
127
209
244
344
487
493
575
610
710
753
853
996
36
122
135
179
322
345
386
402
488
545
644
688
711
752
768
854
911
997
317
460
489
826
855
193
258
347
490
624
702
856
967
5
371
491
514
658
698
857
880
86
160
171
303
526
669
858
21
58
201
352
387
493
567
710
718
753
859
896
933
169
260
311
312
494
535
677
678
860
58
164
281
350
424
495
530
716
790
861
896
12
18
78
161
301
444
496
527
810
862
893
188
354
497
554
863
921
136
462
502
828
864
868
904
76
133
198
299
306
356
442
499
564
665
672
722
808
865
951
71
134
214
254
357
397
409
437
500
580
620
643
723
763
775
803
866
946
99
242
243
265
385
465
501
608
631
751
774
831
867
974
359
502
828
864
868
904
40
120
137
263
280
360
406
486
503
549
629
646
726
772
789
869
915
995
64
84
272
450
504
573
638
781
816
870
939
53
55
139
163
196
362
419
421
505
529
562
648
728
785
871
928
930
77
140
220
363
443
506
586
649
729
809
872
952
98
141
273
364
464
507
607
639
744
873
973
109
245
365
435
508
611
754
874
977
0
63
143
206
286
366
429
509
572
652
732
795
823
875
938
1
32
255
290
398
510
656
764
807
876
907
2
145
368
438
471
511
804
832
837
877
3
38
87
110
230
404
476
512
596
619
842
878
962
985
4
75
112
144
335
478
513
653
844
879
950
987
5
371
491
514
658
698
857
880
46
131
188
497
640
697
881
921
7
30
173
261
373
396
516
539
627
735
882
905
8
54
186
197
334
374
517
552
563
695
700
843
883
929
9
180
248
375
431
518
757
797
884
10
33
153
275
376
519
742
885
908
11
389
520
755
886
158
161
301
353
527
667
670
887
13
156
213
341
379
522
579
707
722
745
815
888
945
14
60
157
380
426
523
569
889
935
15
158
210
304
381
521
524
719
813
890
16
119
485
525
851
891
994
17
86
160
171
383
492
526
537
749
892
961
12
18
78
384
444
496
527
810
862
893
953
19
42
162
243
358
385
408
528
609
671
724
751
774
894
917
20
59
116
202
259
278
282
339
425
482
568
625
705
787
791
848
895
934
991
21
58
350
352
387
424
530
567
790
859
861
896
933
22
142
165
285
388
435
475
531
651
897
23
377
743
898
24
167
181
190
289
390
533
556
655
690
756
899
922
25
37
89
208
232
534
574
598
900
912
964
26
128
169
392
454
494
535
626
637
820
901
992
27
52
170
256
393
536
759
902
927
28
126
240
383
606
749
903
961
972
136
502
828
864
868
904
7
30
173
226
261
396
516
539
627
735
882
905
31
174
266
397
540
632
906
998
1
32
175
290
298
367
398
541
656
764
876
907
10
33
153
275
519
885
908
34
177
229
251
269
400
543
635
760
766
909
35
50
61
204
401
544
559
570
601
910
925
936
36
135
179
345
386
402
488
545
644
688
711
768
854
911
25
37
208
232
534
546
574
598
900
912
940
964
38
87
146
333
453
476
512
547
819
842
913
962
39
302
405
445
548
578
618
811
914
40
137
183
217
360
406
503
549
726
772
869
915
41
66
101
184
270
327
407
432
467
550
693
773
779
833
916
941
976
19
42
162
305
358
385
408
528
551
609
671
724
894
917
43
54
111
151
277
294
420
477
552
620
643
660
786
843
918
986
44
187
338
410
458
479
553
704
845
919
45
354
515
554
555
720
920
131
188
497
554
863
881
921
24
47
104
247
289
324
390
533
556
613
690
756
899
922
979
48
106
191
231
340
414
472
557
706
740
838
923
981
49
192
218
227
361
415
430
558
593
727
796
924
959
35
50
61
178
204
544
570
601
910
925
936
51
194
372
412
417
560
840
926
27
52
170
250
256
393
536
561
622
759
902
927
53
55
139
163
196
362
419
421
505
529
562
648
705
728
785
871
928
930
8
54
151
186
334
420
477
517
552
563
695
700
843
883
929
53
55
163
219
276
362
419
564
585
642
728
785
871
928
930
951
56
239
355
395
422
565
605
931
57
120
137
200
263
280
343
423
486
503
566
629
646
709
789
852
932
995
21
58
201
350
352
387
424
530
567
718
859
896
933
20
59
116
202
259
278
339
425
482
568
625
768
787
791
848
895
934
991
14
60
380
426
523
569
889
935
50
61
178
427
544
570
601
910
925
936
62
85
451
571
817
937
960
0
63
143
206
286
366
429
509
572
652
795
823
875
938
64
84
272
361
415
450
504
573
781
816
870
939
959
25
65
180
232
375
391
546
574
741
757
912
940
41
66
101
121
264
270
407
575
610
630
636
773
916
941
976
996
67
81
95
224
238
461
576
590
604
827
942
956
970
68
149
189
411
434
577
777
943
79
182
325
588
691
944
954
984
13
70
213
236
341
379
436
449
579
745
815
888
945
71
134
214
254
357
397
409
437
500
580
620
643
723
763
775
803
866
946
72
82
100
225
328
466
581
591
694
734
947
957
73
132
439
582
685
948
74
183
217
326
440
583
692
949
4
75
287
335
370
478
584
653
701
844
879
950
76
133
198
219
276
442
499
564
585
642
672
728
808
865
930
951
77
140
220
363
443
506
586
649
729
809
872
952
18
78
130
221
378
384
444
496
587
750
893
953
79
182
325
445
588
691
944
954
984
80
223
314
349
446
452
589
680
715
812
818
955
67
81
95
155
238
461
576
590
604
747
942
956
970
82
100
185
215
225
328
448
581
591
694
814
947
957
975
83
93
118
293
459
484
592
602
659
802
825
850
958
968
49
64
84
361
415
430
450
593
727
781
924
939
959
85
205
451
571
594
937
960
17
126
240
383
492
526
537
749
892
903
961
38
87
110
230
404
453
476
512
596
842
878
913
962
985
88
117
249
271
414
483
597
615
758
780
849
963
981
37
89
168
208
232
403
455
534
574
598
717
900
912
964
90
233
399
456
599
681
765
784
822
965
91
675
966
193
258
347
490
624
767
856
967
83
93
236
293
436
459
484
602
802
825
850
958
968
94
346
460
603
712
969
67
81
95
224
238
461
576
590
604
827
942
956
970
96
279
355
422
605
788
971
28
97
126
240
463
595
606
829
903
972
98
273
364
464
507
607
639
744
873
973
99
242
243
265
465
501
608
631
751
774
831
867
974
997
82
100
185
215
305
448
551
581
671
814
957
975
41
66
101
121
264
270
407
575
610
630
636
773
916
941
976
996
69
102
109
245
365
468
611
731
874
977
103
297
612
663
978
47
104
247
324
327
413
470
613
756
798
833
836
922
979
105
145
288
295
323
614
654
661
980
48
106
231
249
340
414
472
483
597
615
780
849
923
963
981
107
195
250
473
561
616
622
839
982
988
108
114
337
480
738
846
983
989
69
222
325
588
691
834
944
954
984
3
110
230
253
404
476
596
619
770
878
962
985
43
111
134
151
254
277
294
409
420
477
552
620
643
660
786
803
918
986
75
112
144
147
255
441
478
510
513
621
879
987
107
113
195
330
473
561
616
824
839
982
988
114
257
480
617
623
738
983
989
92
115
124
336
490
624
633
702
990
20
59
116
202
259
278
425
482
568
625
711
768
787
791
848
895
934
991
26
88
117
128
271
392
454
535
626
637
758
820
901
992
118
150
173
226
316
516
539
592
627
659
682
993
119
159
212
485
525
628
891
994
57
120
137
200
263
280
343
406
423
486
503
566
629
646
709
772
789
852
869
932
995
121
127
209
244
264
487
575
610
630
636
773
853
941
976
996
99
122
135
179
265
322
465
488
501
631
688
752
831
854
974
997
123
174
540
632
683
906
998
