0.847894
0.78972
0.76066
0.775279
0.787751
0.83054
0.837542
0.774144
0.750617
0.757963
0.809707
0.853234
0.794789
0.77066
0.74308
0.792941
0.81917
0.844809
0.795203
0.76347
0.766266
0.782549
0.826007
0.852615
0.778017
0.756963
0.753707
0.806931
0.843714
0.815493
0.774023
0.747647
0.789725
0.809632
0.841847
0.800423
0.765685
0.756336
0.77605
0.821798
0.858052
0.77999
0.763291
0.74918
0.804159
0.834731
0.837063
0.778581
0.751931
0.786104
0.799613
0.838383
0.807305
0.767914
0.750015
0.76799
0.816931
0.858931
0.782731
0.766648
0.742719
0.799591
0.827897
0.848327
0.785707
0.757561
0.780022
0.79136
0.833595
0.824112
0.77112
0.74848
0.761228
0.8121
0.856879
0.788095
0.768971
0.741081
0.79533
0.822784
0.846662
0.792149
0.762038
0.771801
0.785557
0.828519
0.845345
0.776148
0.753056
0.756081
0.808464
0.849534
0.802536
0.772004
0.744992
0.791517
0.815703
0.843562
0.797343
0.764405
0.76189
0.780188
0.824398
0.855622
0.778872
0.759772
0.752049
0.805882
0.839826
0.824525
0.775619
0.749414
0.788363
0.805255
0.840528
0.802776
0.766574
0.753253
0.772673
0.819762
0.858792
0.780922
0.764992
0.74655
0.802425
0.831531
0.844129
0.781376
0.753975
0.78407
0.795964
0.836583
0.812454
0.769002
0.748693
0.765058
0.814966
0.858512
0.78449
0.767592
0.741119
0.797766
0.825741
0.848279
0.788592
0.75989
0.776707
0.788745
0.831435
0.833697
0.773201
0.749767
0.758849
0.810327
0.854544
0.79229
0.770121
0.74234
0.793624
0.82038
0.84535
0.794315
0.763069
0.768013
0.783458
0.826708
0.850891
0.777571
0.755781
0.754392
0.807375
0.845435
0.811622
0.773405
0.746877
0.79026
0.81151
0.842366
0.799502
0.765311
0.757835
0.777382
0.822625
0.857521
0.779646
0.762369
0.750132
0.804739
0.836199
0.833437
0.777578
0.751161
0.786826
0.801216
0.83906
0.805723
0.767501
0.750822
0.769322
0.817759
0.858981
0.782118
0.766214
0.743746
0.800416
0.828883
0.847743
0.784428
0.756454
0.781349
0.792615
0.834508
0.820216
0.77039
0.748306
0.76233
0.812945
0.857539
0.786832
0.76854
0.740842
0.796051
0.823681
0.84721
0.791164
0.761519
0.773293
0.786462
0.829351
0.842315
0.775365
0.751973
0.756844
0.808959
0.851178
0.798996
0.77143
0.744178
0.792085
0.81727
0.84408
0.796433
0.764012
0.763747
0.78123
0.82508
0.854512
0.778534
0.758592
0.752764
0.806327
0.841431
0.820734
0.774915
0.748677
0.788957
0.807072
0.841102
0.801739
0.766196
0.754477
0.77412
0.820625
0.858558
0.780504
0.764349
0.747717
0.803215
0.832819
0.841515
0.780138
0.753063
0.785
0.797481
0.83738
0.80999
0.768518
0.749146
0.766262
0.8158
0.858743
0.78369
0.767201
0.741633
0.798516
0.826628
0.848489
0.787406
0.758985
0.778122
0.789796
0.832343
0.829671
0.772275
0.749082
0.759805
0.811024
0.855666
0.790262
0.769612
0.741704
0.794339
0.821461
0.8459
0.793421
0.762656
0.769667
0.784345
0.827445
0.84882
0.777041
0.754613
0.75509
0.807825
0.847177
0.807737
0.772806
0.746092
0.790785
0.813344
0.84287
0.798592
0.764934
0.759464
0.778628
0.823408
0.856836
0.779316
0.761329
0.750991
0.805249
0.837704
0.829695
0.776689
0.750418
0.787499
0.802875
0.8397
0.80437
0.767103
0.751764
0.770709
0.818596
0.858957
0.781573
0.76574
0.7449
0.801267
0.829937
0.846643
0.783135
0.755362
0.782583
0.793971
0.835407
0.816631
0.769752
0.748342
0.763464
0.813803
0.858037
0.785753
0.768132
0.740805
0.796769
0.824552
0.847723
0.790121
0.760912
0.774748
0.787396
0.830215
0.838893
0.774486
0.750964
0.757652
0.809495
0.852706
0.795837
0.770865
0.743371
0.7927
0.818686
0.844611
0.795532
0.763616
0.765598
0.782203
0.825755
0.853175
0.778165
0.757402
0.753454
0.806768
0.843089
0.816913
0.774257
0.747928
0.789523
0.808937
0.841651
0.80077
0.765822
0.755813
0.77554
0.821485
0.858212
0.780123
0.763599
0.748803
0.803922
0.834201
0.83834
0.778981
0.752226
0.785822
0.799032
0.838122
0.807962
0.768072
0.749753
0.767514
0.816627
0.858894
0.782975
0.7668
0.742386
0.799295
0.827547
0.848435
0.786172
0.75796
0.779517
0.790922
0.833257
0.825599
0.771415
0.748602
0.760833
0.811798
0.856588
0.788622
0.769138
0.741217
0.795063
0.822441
0.846456
0.792499
0.762213
0.771238
0.785228
0.828222
0.846358
0.77641
0.753469
0.755808
0.808288
0.848907
0.803911
0.772219
0.745291
0.791316
0.815089
0.843373
0.79768
0.764549
0.761217
0.779783
0.82414
0.855983
0.778993
0.760202
0.751775
0.805716
0.839246
0.825922
0.775893
0.749685
0.788136
0.8046
0.84031
0.803182
0.766715
0.75283
0.772139
0.819445
0.858853
0.781088
0.765207
0.746106
0.802118
0.831082
0.844929
0.781846
0.754334
0.783693
0.795415
0.836274
0.813489
0.769192
0.748566
0.764623
0.814655
0.858404
0.78481
0.767737
0.740991
0.797495
0.825418
0.848153
0.789016
0.76019
0.776181
0.788372
0.831103
0.835145
0.77355
0.750064
0.758514
0.81009
0.854081
0.793155
0.770317
0.742604
0.793367
0.81995
0.84515
0.794643
0.763218
0.767379
0.783126
0.826446
0.851565
0.777744
0.756216
0.754139
0.807211
0.844795
0.813055
0.773631
0.747164
0.790065
0.810819
0.842176
0.79984
0.76545
0.757267
0.7769
0.822324
0.857735
0.779771
0.762724
0.749792
0.804535
0.835652
0.834797
0.777935
0.751442
0.786566
0.800619
0.838814
0.806277
0.767651
0.750508
0.768823
0.817453
0.858971
0.782336
0.766378
0.743348
0.800108
0.828512
0.848013
0.784903
0.756864
0.780867
0.792139
0.834172
0.821627
0.770648
0.748344
0.761918
0.81263
0.857316
0.787273
0.768696
0.740908
0.795785
0.823354
0.84701
0.791534
0.761719
0.772747
0.786125
0.829039
0.843482
0.775667
0.752366
0.756558
0.808772
0.850582
0.800266
0.771641
0.744479
0.79187
0.816708
0.843887
0.796768
0.764157
0.763058
0.780854
0.824831
0.854946
0.778662
0.75903
0.752504
0.806164
0.840832
0.822136
0.775169
0.74895
0.788741
0.806394
0.840893
0.802112
0.766335
0.754012
0.773587
0.820306
0.858657
0.780653
0.764598
0.747294
0.802932
0.832331
0.842554
0.780588
0.75339
0.784671
0.796917
0.837093
0.810845
0.768692
0.74896
0.765812
0.815493
0.858668
0.783975
0.767346
0.741415
0.798236
0.826298
0.848437
0.78785
0.759334
0.777601
0.7894
0.832007
0.831171
0.772611
0.749313
0.759444
0.810757
0.855274
0.79096
0.769796
0.741923
0.794073
0.821075
0.845696
0.793753
0.762811
0.769066
0.784019
0.827168
0.849628
0.777248
0.755042
0.75483
0.807658
0.846533
0.80917
0.773025
0.746384
0.790592
0.812674
0.842685
0.798928
0.765074
0.758847
0.778178
0.823125
0.857108
0.779437
0.761725
0.750684
0.805067
0.837144
0.831084
0.777005
0.750691
0.787255
0.802255
0.839467
0.804847
0.767248
0.751401
0.770191
0.818285
0.858975
0.781767
0.765921
0.744464
0.800951
0.829539
0.847116
0.783613
0.75576
0.78214
0.793459
0.835077
0.817909
0.769978
0.748306
0.763042
0.813486
0.85787
0.786133
0.768281
0.740794
0.796504
0.824232
0.84754
0.790514
0.761148
0.774214
0.787047
0.829892
0.840199
0.77482
0.751326
0.757348
0.809292
0.852158
0.796951
0.771072
0.743666
0.792467
0.818181
0.844414
0.795863
0.763762
0.76492
0.781851
0.825505
0.853698
0.778306
0.757842
0.753201
0.806605
0.84247
0.818328
0.774496
0.748206
0.789317
0.808245
0.841451
0.801122
0.76596
0.755306
0.775021
0.821168
0.858354
0.78026
0.763889
0.748413
0.803672
0.833681
0.839567
0.779397
0.752527
0.785529
0.798455
0.837854
0.808666
0.768233
0.749511
0.767045
0.816322
0.858847
0.78323
0.76695
0.742082
0.799003
0.827203
0.848492
0.786632
0.75835
0.779005
0.790496
0.832919
0.827099
0.771723
0.748754
0.760445
0.811504
0.856271
0.789189
0.769309
0.741378
0.794796
0.822088
0.84625
0.792844
0.762381
0.770666
0.784901
0.82793
0.847315
0.776656
0.753888
0.75554
0.808115
0.848272
0.805311
0.772434
0.745588
0.791118
0.814457
0.843187
0.798017
0.764692
0.760557
0.779367
0.823875
0.856318
0.779112
0.760625
0.751493
0.805546
0.838672
0.827317
0.776178
0.749955
0.787905
0.803955
0.840088
0.803605
0.766857
0.752422
0.771607
0.81913
0.858901
0.781261
0.765412
0.745659
0.801806
0.830648
0.845638
0.78232
0.754704
0.783299
0.794873
0.835959
0.814592
0.769391
0.748463
0.764192
0.814342
0.858282
0.785145
0.767882
0.740895
0.797225
0.825098
0.848007
0.789431
0.760472
0.775654
0.788006
0.830773
0.836561
0.773899
0.750381
0.758188
0.809862
0.853593
0.794087
0.770517
0.742879
0.793115
0.8195
0.84495
0.79497
0.763366
0.766731
0.78279
0.826188
0.852195
0.777907
0.756653
0.753886
0.807047
0.84416
0.814484
0.773859
0.747448
0.789867
0.810125
0.841985
0.800181
0.765587
0.756716
0.776406
0.822018
0.857927
0.779898
0.763062
0.749438
0.804319
0.83511
0.836134
0.778307
0.751726
0.786298
0.800027
0.838564
0.806865
0.767804
0.750212
0.768333
0.817147
0.858951
0.782564
0.766537
0.742971
0.799804
0.828149
0.848218
0.785375
0.757274
0.780376
0.791678
0.833834
0.823072
0.77092
0.748413
0.761512
0.812318
0.857069
0.787743
0.768856
0.741
0.795519
0.823022
0.846807
0.791897
0.761909
0.772196
0.785791
0.828733
0.844593
0.775954
0.752767
0.756277
0.80859
0.849972
0.801582
0.771853
0.744779
0.791661
0.816126
0.843696
0.797105
0.764303
0.762372
0.780468
0.824579
0.855352
0.778786
0.759466
0.752239
0.805999
0.840241
0.823536
0.775429
0.749222
0.788521
0.805724
0.84068
0.802496
0.766474
0.753562
0.773052
0.819987
0.858741
0.780808
0.764833
0.746861
